I (A)	s(I) (A)	U (V)	s(U) (V)
100,144838E-9	NaN	1,000058E+0	NaN
105,514180E-9	NaN	1,082609E+0	NaN
114,258996E-9	NaN	1,193974E+0	NaN
127,387748E-9	NaN	1,300401E+0	NaN
138,986559E-9	NaN	1,400486E+0	NaN
148,189475E-9	NaN	1,500499E+0	NaN
160,459419E-9	NaN	1,600495E+0	NaN
168,051326E-9	NaN	1,700606E+0	NaN
177,931662E-9	NaN	1,800576E+0	NaN
195,448034E-9	NaN	1,900625E+0	NaN
218,699253E-9	NaN	2,000671E+0	NaN
286,243883E-9	NaN	2,100534E+0	NaN
489,514902E-9	NaN	2,200383E+0	NaN
1,233066E-6	NaN	2,299553E+0	NaN
4,916768E-6	NaN	2,395670E+0	NaN
23,972332E-6	NaN	2,475275E+0	NaN
69,896586E-6	NaN	2,526495E+0	NaN
132,205141E-6	NaN	2,559708E+0	NaN
202,950187E-6	NaN	2,583862E+0	NaN
278,483798E-6	NaN	2,602928E+0	NaN
357,192046E-6	NaN	2,618692E+0	NaN