I (A)	s(I) (A)	U (V)	s(U) (V)
2,171474E-6	NaN	6,500548E+0	NaN
2,300439E-6	NaN	6,520633E+0	NaN
2,447019E-6	NaN	6,540681E+0	NaN
2,608398E-6	NaN	6,560580E+0	NaN
2,790098E-6	NaN	6,580511E+0	NaN
2,987454E-6	NaN	6,599849E+0	NaN
3,214895E-6	NaN	6,619725E+0	NaN
3,474504E-6	NaN	6,639638E+0	NaN
3,776732E-6	NaN	6,659411E+0	NaN
4,118696E-6	NaN	6,679213E+0	NaN
4,511855E-6	NaN	6,698417E+0	NaN
4,988186E-6	NaN	6,717956E+0	NaN
5,549868E-6	NaN	6,737478E+0	NaN
6,234179E-6	NaN	6,756772E+0	NaN
7,073569E-6	NaN	6,776094E+0	NaN
8,091237E-6	NaN	6,794508E+0	NaN
9,422759E-6	NaN	6,813118E+0	NaN
11,162672E-6	NaN	6,831356E+0	NaN
13,499041E-6	NaN	6,849036E+0	NaN
16,729001E-6	NaN	6,865712E+0	NaN
21,184922E-6	NaN	6,880526E+0	NaN
27,843478E-6	NaN	6,893189E+0	NaN
39,054914E-6	NaN	6,901298E+0	NaN
55,702923E-6	NaN	6,903728E+0	NaN
74,121928E-6	NaN	6,904081E+0	NaN
92,546541E-6	NaN	6,903891E+0	NaN