I (A)	s(I) (A)	U (V)	s(U) (V)
97,615199E-9	NaN	1,000622E+0	NaN
101,863065E-9	NaN	1,051005E+0	NaN
107,458623E-9	NaN	1,100768E+0	NaN
112,812095E-9	NaN	1,151262E+0	NaN
116,620562E-9	NaN	1,200870E+0	NaN
121,797761E-9	NaN	1,251313E+0	NaN
130,157914E-9	NaN	1,301078E+0	NaN
135,243691E-9	NaN	1,351332E+0	NaN
138,044530E-9	NaN	1,401010E+0	NaN
144,327036E-9	NaN	1,451270E+0	NaN
150,178720E-9	NaN	1,501089E+0	NaN
153,631750E-9	NaN	1,551333E+0	NaN
155,314466E-9	NaN	1,600931E+0	NaN
164,115580E-9	NaN	1,651230E+0	NaN
167,525321E-9	NaN	1,700979E+0	NaN
177,947183E-9	NaN	1,750653E+0	NaN
181,646424E-9	NaN	1,800933E+0	NaN
183,870124E-9	NaN	1,850476E+0	NaN
195,294741E-9	NaN	1,900902E+0	NaN
206,223575E-9	NaN	1,950555E+0	NaN
222,559016E-9	NaN	2,000708E+0	NaN
243,361426E-9	NaN	2,050323E+0	NaN
286,183955E-9	NaN	2,100697E+0	NaN
355,952641E-9	NaN	2,150436E+0	NaN
487,220058E-9	NaN	2,200694E+0	NaN
730,852826E-9	NaN	2,249956E+0	NaN
1,219884E-6	NaN	2,299866E+0	NaN
2,277082E-6	NaN	2,348421E+0	NaN
4,851574E-6	NaN	2,395954E+0	NaN
11,021935E-6	NaN	2,439083E+0	NaN
23,736364E-6	NaN	2,475791E+0	NaN
43,680281E-6	NaN	2,504488E+0	NaN
69,505498E-6	NaN	2,527149E+0	NaN
98,987551E-6	NaN	2,545244E+0	NaN
131,667517E-6	NaN	2,560494E+0	NaN
166,098435E-6	NaN	2,573364E+0	NaN
202,414305E-6	NaN	2,584883E+0	NaN
239,444919E-6	NaN	2,594850E+0	NaN
277,759909E-6	NaN	2,603922E+0	NaN
316,622700E-6	NaN	2,611973E+0	NaN
356,574402E-6	NaN	2,619566E+0	NaN