I (A)	s(I) (A)	U (V)	s(U) (V)
19,963332E-9	NaN	101,457506E-3	NaN
7,974023E-9	NaN	110,599719E-3	NaN
9,445145E-9	NaN	121,913355E-3	NaN
9,776226E-9	NaN	132,024562E-3	NaN
12,828379E-9	NaN	142,089341E-3	NaN
12,217224E-9	NaN	152,099151E-3	NaN
12,708365E-9	NaN	162,165097E-3	NaN
14,168401E-9	NaN	169,834770E-3	NaN
12,061538E-9	NaN	181,807879E-3	NaN
17,789213E-9	NaN	189,864636E-3	NaN
14,024353E-9	NaN	201,978393E-3	NaN
21,321833E-9	NaN	212,026883E-3	NaN
20,309410E-9	NaN	222,088115E-3	NaN
21,387985E-9	NaN	232,126900E-3	NaN
24,413975E-9	NaN	242,182215E-3	NaN
25,385139E-9	NaN	251,714194E-3	NaN
28,066206E-9	NaN	261,760740E-3	NaN
27,514803E-9	NaN	271,190843E-3	NaN
28,888580E-9	NaN	279,655854E-3	NaN
30,594427E-9	NaN	290,567940E-3	NaN
35,918793E-9	NaN	299,758887E-3	NaN
40,465783E-9	NaN	311,377989E-3	NaN
45,733645E-9	NaN	321,429358E-3	NaN
50,977021E-9	NaN	329,641160E-3	NaN
57,421426E-9	NaN	341,687744E-3	NaN
71,365456E-9	NaN	351,719398E-3	NaN
87,701570E-9	NaN	361,759539E-3	NaN
103,182175E-9	NaN	371,200065E-3	NaN
127,642159E-9	NaN	381,239267E-3	NaN
162,048457E-9	NaN	391,253475E-3	NaN
205,415747E-9	NaN	399,308947E-3	NaN
265,976631E-9	NaN	409,850349E-3	NaN
345,224535E-9	NaN	419,289313E-3	NaN
450,526341E-9	NaN	429,251608E-3	NaN
592,097801E-9	NaN	441,091892E-3	NaN
775,830768E-9	NaN	450,902428E-3	NaN
1,019211E-6	NaN	459,238429E-3	NaN
1,317572E-6	NaN	468,010965E-3	NaN
1,727559E-6	NaN	479,372342E-3	NaN
2,261121E-6	NaN	488,988444E-3	NaN
2,932127E-6	NaN	498,279797E-3	NaN
3,784758E-6	NaN	506,990273E-3	NaN
4,844313E-6	NaN	516,298625E-3	NaN
6,151724E-6	NaN	523,278715E-3	NaN
7,736547E-6	NaN	533,337026E-3	NaN
9,623570E-6	NaN	539,791798E-3	NaN
11,823583E-6	NaN	549,056239E-3	NaN
14,249819E-6	NaN	555,988913E-3	NaN
17,173126E-6	NaN	563,055420E-3	NaN
20,403145E-6	NaN	568,646293E-3	NaN
23,981856E-6	NaN	575,417137E-3	NaN
27,911139E-6	NaN	580,785339E-3	NaN
32,151519E-6	NaN	587,234459E-3	NaN
36,675321E-6	NaN	592,416021E-3	NaN
41,480085E-6	NaN	596,308170E-3	NaN
46,588087E-6	NaN	601,908028E-3	NaN
51,971247E-6	NaN	606,236652E-3	NaN
57,169446E-6	NaN	609,388441E-3	NaN
62,913446E-6	NaN	613,295892E-3	NaN
68,842504E-6	NaN	617,003117E-3	NaN
75,015418E-6	NaN	620,538700E-3	NaN
81,277807E-6	NaN	624,558488E-3	NaN