10.0900     8.17000e-005
10.1100     8.27000e-005
10.1200     8.38000e-005
10.1600     8.34000e-005
10.1700     8.48000e-005
10.1900     8.43000e-005
10.2200     8.55000e-005
10.2500     8.53000e-005
10.2800     8.62000e-005
10.2900     8.80000e-005
10.3100     8.80000e-005
10.3500     8.94000e-005
10.3600     8.83000e-005
10.3800     8.94000e-005
10.4100     9.11000e-005
10.4300     9.13000e-005
10.4500     9.16000e-005
10.4800     9.15000e-005
10.5000     9.20000e-005
10.5100     9.34000e-005
10.5500     9.30000e-005
10.5600     9.35000e-005
10.5800     9.48000e-005
10.6100     9.44000e-005
10.6300     9.51000e-005
10.6700     9.70000e-005
10.6800     9.65000e-005
10.7000     9.76000e-005
10.7300     9.79000e-005
10.7500     9.90000e-005
10.7600     9.90000e-005
10.8000     0.000100000
10.8200     0.000100400
10.8300     0.000101200
10.8700     0.000102600
10.8800     0.000102600
10.9000     0.000103000
10.9300     0.000104200
10.9500     0.000103500
10.9900     0.000104700
11.0000     0.000105600
11.0200     0.000105400
11.0500     0.000107000
11.0700     0.000107700
11.0800     0.000108800
11.1100     0.000108600
11.1400     0.000109500
11.1500     0.000110300
11.1900     0.000111500
11.2000     0.000111500
11.2200     0.000112800
11.2600     0.000112200
11.2700     0.000113500
11.3000     0.000114200
11.3200     0.000115200
11.3400     0.000115400
11.3700     0.000115400
11.3900     0.000117000
11.4000     0.000117700
11.4400     0.000118700
11.4600     0.000118700
11.4700     0.000118900
11.5100     0.000119400
11.5200     0.000121000
11.5400     0.000121900
11.5700     0.000121200
11.5800     0.000123300
11.6000     0.000123400
11.6400     0.000124700
11.6500     0.000124800
11.6700     0.000124500
11.7100     0.000126100
11.7200     0.000126600
11.7500     0.000128300
11.7800     0.000127300
11.7900     0.000129200
11.8200     0.000130400
11.8400     0.000128900
11.8500     0.000131300
11.8900     0.000132300
11.9100     0.000131300
11.9300     0.000132700
11.9600     0.000133200
11.9800     0.000133900
11.9900     0.000135500
12.0300     0.000135800
12.0500     0.000137100
12.0600     0.000137200
12.1000     0.000138300
12.1000     0.000138500
12.1300     0.000139700
12.1600     0.000139200
12.1700     0.000141100
12.2100     0.000140600
12.2300     0.000141100
12.2400     0.000143000
12.2700     0.000142800
12.2900     0.000144400
12.3100     0.000145300
12.3500     0.000144800
12.3500     0.000146500
12.3800     0.000146900
12.4100     0.000148400
12.4200     0.000148900
12.4400     0.000150200
12.4800     0.000150300
12.4900     0.000151000
12.5300     0.000151700
12.5500     0.000152600
12.5600     0.000154400
12.5900     0.000153800
12.6100     0.000155600
12.6300     0.000156300
12.6600     0.000156500
12.6800     0.000157900
12.6900     0.000158400
12.7300     0.000158900
12.7400     0.000160300
12.7600     0.000161900
12.8000     0.000162400
12.8100     0.000164500
12.8500     0.000164200
12.8600     0.000165200
12.8800     0.000165900
12.9000     0.000167600
12.9200     0.000168000
12.9400     0.000167500
12.9800     0.000170300
13.0000     0.000169900
13.0100     0.000172500
13.0400     0.000172500
13.0600     0.000173800
13.0700     0.000174100
13.1100     0.000175500
13.1300     0.000176200
13.1400     0.000177600
13.1800     0.000178800
13.1900     0.000180200
13.2100     0.000180600
13.2500     0.000182500
13.2600     0.000182700
13.3000     0.000183700
13.3100     0.000184800
13.3300     0.000185500
13.3600     0.000186300
13.3800     0.000188300
13.3900     0.000189000
13.4300     0.000189100
13.4500     0.000190500
13.4600     0.000191900
13.5000     0.000192600
13.5100     0.000193500
13.5300     0.000194200
13.5600     0.000196500
13.5800     0.000196800
13.6100     0.000198600
13.6300     0.000199600
13.6500     0.000201600
13.6800     0.000201900
13.7000     0.000202800
13.7100     0.000203300
13.7500     0.000205000
13.7700     0.000206600
13.7900     0.000207700
13.8100     0.000208500
13.8300     0.000209400
13.8500     0.000211200
13.8800     0.000212400
13.8900     0.000214700
13.9300     0.000215200
13.9500     0.000216100
13.9600     0.000218500
13.9800     0.000218500
14.0100     0.000220400
14.0300     0.000221100
14.0700     0.000222500
14.0800     0.000223900
14.1000     0.000224800
14.1300     0.000226200
14.1500     0.000228500
14.1600     0.000228600
14.2000     0.000229700
14.2200     0.000230900
14.2300     0.000233900
14.2600     0.000234200
14.2800     0.000236300
14.2900     0.000236900
14.3300     0.000239800
14.3500     0.000239500
14.3800     0.000241100
14.3900     0.000243500
14.4200     0.000243700
14.4500     0.000245900
14.4700     0.000246800
14.4900     0.000248000
14.5200     0.000250000
14.5300     0.000250500
14.5500     0.000253100
14.5800     0.000255000
14.5900     0.000256600
14.6300     0.000258900
14.6500     0.000259400
14.6600     0.000262400
14.7000     0.000263100
14.7200     0.000265300
14.7300     0.000266900
14.7700     0.000268100
14.7800     0.000269500
14.8000     0.000270100
14.8300     0.000273700
14.8500     0.000274600
14.8700     0.000276200
14.9000     0.000277600
14.9200     0.000279700
14.9300     0.000281600
14.9600     0.000283200
14.9800     0.000284900
15.0000     0.000286700
15.0400     0.000287900
15.0500     0.000290700
15.0600     0.000292300
15.1000     0.000293300
15.1100     0.000296300
15.1500     0.000297800
15.1700     0.000298400
15.1800     0.000301500
15.2100     0.000302700
15.2300     0.000304100
15.2500     0.000306200
15.2800     0.000307300
15.3000     0.000310800
15.3200     0.000312000
15.3500     0.000314600
15.3700     0.000316200
15.3800     0.000317400
15.4200     0.000319300
15.4300     0.000323200
15.4700     0.000324200
15.4800     0.000327400
15.5000     0.000327200
15.5300     0.000330200
15.5500     0.000332600
15.5600     0.000333700
15.6000     0.000336600
15.6200     0.000337900
15.6300     0.000339800
15.6700     0.000341500
15.6800     0.000343800
15.7000     0.000346400
15.7300     0.000347700
15.7500     0.000349900
15.7900     0.000351900
15.8000     0.000353800
15.8200     0.000356900
15.8500     0.000358700
15.8600     0.000362200
15.8800     0.000363000
15.9200     0.000365500
15.9400     0.000366900
15.9500     0.000370400
15.9800     0.000371800
16.0000     0.000373300
16.0200     0.000376700
16.0500     0.000379100
16.0700     0.000381600
16.1000     0.000383700
16.1100     0.000386800
16.1300     0.000389600
16.1700     0.000392200
16.1800     0.000393100
16.2000     0.000396800
16.2300     0.000398300
16.2500     0.000400800
16.2700     0.000404800
16.3000     0.000405300
16.3200     0.000408300
16.3400     0.000411100
16.3700     0.000413900
16.3800     0.000416700
16.3900     0.000417900
16.4300     0.000420000
16.4500     0.000423500
16.4700     0.000426300
16.5000     0.000428900
16.5200     0.000431500
16.5500     0.000434000
16.5600     0.000437100
16.5800     0.000439900
16.6200     0.000442200
16.6300     0.000444700
16.6500     0.000447800
16.6800     0.000450600
16.7000     0.000453200
16.7200     0.000456500
16.7500     0.000459500
16.7700     0.000460900
16.7800     0.000464400
16.8200     0.000468600
16.8300     0.000471400
16.8500     0.000474700
16.8900     0.000477300
16.9000     0.000480800
16.9100     0.000483800
16.9500     0.000486100
16.9700     0.000490100
17.0000     0.000491700
17.0200     0.000496200
17.0300     0.000499000
17.0700     0.000503200
17.0800     0.000504900
17.1000     0.000507700
17.1400     0.000511600
17.1500     0.000515300
17.1600     0.000518100
17.2000     0.000522100
17.2200     0.000524300
17.2300     0.000528400
17.2700     0.000531000
17.2800     0.000535200
17.3200     0.000539000
17.3400     0.000541300
17.3500     0.000545300
17.3800     0.000548800
17.4000     0.000553400
17.4100     0.000555600
17.4500     0.000560000
17.4700     0.000562800
17.4800     0.000567000
17.5200     0.000570800
17.5300     0.000577300
17.5500     0.000581000
17.5800     0.000584100
17.6000     0.000589200
17.6300     0.000592700
17.6500     0.000596500
17.6700     0.000600500
17.7100     0.000604900
17.7200     0.000608600
17.7400     0.000614000
17.7700     0.000617100
17.7900     0.000622200
17.8000     0.000626400
17.8300     0.000630800
17.8500     0.000635500
17.8700     0.000640000
17.9000     0.000645500
17.9200     0.000648800
17.9300     0.000653500
17.9700     0.000660700
17.9900     0.000665000
18.0200     0.000671100
18.0400     0.000675300
18.0500     0.000680800
18.0900     0.000686400
18.1000     0.000691600
18.1200     0.000696300
18.1500     0.000702800
18.1700     0.000708500
18.1900     0.000714100
18.2200     0.000721300
18.2300     0.000727400
18.2700     0.000736500
18.2900     0.000744000
18.3000     0.000749600
18.3200     0.000758200
18.3500     0.000763800
18.3700     0.000772200
18.4000     0.000778600
18.4100     0.000788200
18.4300     0.000795800
18.4700     0.000805200
18.4800     0.000815300
18.5000     0.000825300
18.5400     0.000834200
18.5500     0.000845400
18.5700     0.000858300
18.6000     0.000872700
18.6100     0.000887000
18.6300     0.000907100
18.6700     0.000926500
18.6800     0.000943800
18.7200     0.000962000
18.7400     0.000982400
18.7500     0.00100370
18.7900     0.00102680
18.8000     0.00108600
18.8200     0.00112470
18.8500     0.00113620
18.8800     0.00115000
18.8900     0.00116150
18.9200     0.00117310
18.9300     0.00118390
18.9500     0.00119460
18.9900     0.00121240
19.0100     0.00122320
19.0200     0.00123600
19.0500     0.00124650
19.0700     0.00125700
19.0900     0.00127060
19.1200     0.00128160
19.1400     0.00129300
19.1700     0.00130360
19.1900     0.00131530
19.2000     0.00132560
19.2400     0.00133720
19.2600     0.00134840
19.2700     0.00135900
19.3000     0.00137000
19.3200     0.00138020
19.3400     0.00138940
19.3700     0.00140060
19.3800     0.00141090
19.4100     0.00142090
19.4400     0.00143050
19.4500     0.00144010
19.4900     0.00144940
19.5000     0.00145930
19.5200     0.00146860
19.5500     0.00147820
19.5800     0.00148710
19.5900     0.00149570
19.6200     0.00150620
19.6400     0.00151440
19.6500     0.00152400
19.6900     0.00153310
19.7000     0.00154460
19.7200     0.00155830
19.7600     0.00157330
19.7700     0.00158850
19.7900     0.00159370
19.8200     0.00159880
19.8400     0.00160370
19.8600     0.00160930
19.8900     0.00161590
19.9000     0.00162240
19.9400     0.00163040
19.9600     0.00163780
19.9700     0.00164550
20.0100     0.00165370
20.0200     0.00166280
20.0400     0.00167150
20.0700     0.00167990
20.0900     0.00168780
20.1200     0.00169630
20.1500     0.00170440
20.1600     0.00171190
20.1300     0.00172130
20.2000     0.00172990
20.2300     0.00173790
20.2600     0.00174650
20.2700     0.00175540
20.2900     0.00176380
20.3200     0.00177130
20.3400     0.00177830
20.3500     0.00178820
20.3900     0.00179660
20.4100     0.00181030
20.4200     0.00181850
20.4600     0.00182790
20.4700     0.00183670
20.4900     0.00184660
20.5200     0.00185760
20.5400     0.00186510
20.5700     0.00187460
20.5900     0.00188610
20.6100     0.00189520
20.6400     0.00190590
20.6600     0.00191650
20.6800     0.00192750
20.7100     0.00193770
20.7300     0.00194730
20.7400     0.00195760
20.7800     0.00196630
20.7900     0.00197400
20.8100     0.00198350
20.8500     0.00199120
20.8600     0.00199990
20.8800     0.00200760
20.9100     0.00201540
20.9300     0.00202350
20.9600     0.00203060
20.9800     0.00203870
20.9900     0.00204570
21.0300     0.00205250
21.0500     0.00206000
21.0600     0.00206770
21.0900     0.00207540
21.1100     0.00208520
21.1300     0.00209290
21.1700     0.00210160
21.1800     0.00210880
21.2000     0.00211660
21.2300     0.00212310
21.2400     0.00213060
21.2800     0.00213800
21.3000     0.00214530
21.3100     0.00215180
21.3400     0.00215960
21.3600     0.00216590
21.3800     0.00229120
21.4200     0.00233390
21.4300     0.00234030
21.4500     0.00234300
21.4800     0.00234300
21.4900     0.00234350
21.5200     0.00234310
21.5500     0.00234330
21.5700     0.00234750
21.6000     0.00234850
21.6200     0.00234750
21.6300     0.00234640
21.6500     0.00234840
21.6800     0.00234750
21.7000     0.00234870
21.7300     0.00234920
21.7600     0.00235060
21.7700     0.00234990
21.8000     0.00235130
21.8200     0.00235240
21.8400     0.00235290
21.8700     0.00235340
21.8800     0.00235410
21.9000     0.00235590
21.9400     0.00235760
21.9500     0.00235850
21.9700     0.00236130
22.0000     0.00236390
22.0200     0.00236650
22.0300     0.00236920
22.0700     0.00237250
22.0800     0.00237720
22.1200     0.00238070
22.1500     0.00238540
22.1600     0.00239080
22.1300     0.00239610
22.2100     0.00240310
22.2300     0.00240880
22.2600     0.00241440
22.2700     0.00242210
22.2900     0.00243050
22.3300     0.00243800
22.3400     0.00244450
22.3600     0.00245240
22.4000     0.00245950
22.4100     0.00246760
22.4400     0.00247420
22.4600     0.00248170
22.4700     0.00248850
22.5100     0.00249620
22.5300     0.00250670
22.5400     0.00251490
22.5800     0.00252090
22.5900     0.00252870
22.6100     0.00253550
22.6500     0.00254290
22.6600     0.00254830
22.6800     0.00255560
22.7100     0.00256190
22.7300     0.00256890
22.7700     0.00257490
22.7800     0.00258330
22.8000     0.00258940
22.8100     0.00259620
22.8500     0.00260210
22.8700     0.00260910
22.9000     0.00261490
22.9200     0.00262240
22.9300     0.00262800
22.9700     0.00263410
22.9900     0.00264060
23.0000     0.00264810
23.0400     0.00265300
23.0600     0.00265930
23.0700     0.00266640
23.1100     0.00267220
23.1200     0.00267760
23.1500     0.00268440
23.1700     0.00268920
23.1900     0.00269560
23.2200     0.00270050
23.2400     0.00270540
23.2600     0.00271310
23.2900     0.00271770
23.3100     0.00272390
23.3200     0.00272940
23.3600     0.00273600
23.3700     0.00274000
23.3900     0.00274510
23.4300     0.00275030
23.4400     0.00275730
23.4600     0.00276260
23.5000     0.00276870
23.5100     0.00277320
23.5500     0.00277790
23.5600     0.00278490
23.5800     0.00278980
23.5900     0.00279520
23.6300     0.00280070
23.6400     0.00280630
23.6900     0.00281170
23.7000     0.00281740
23.7100     0.00282360
23.7500     0.00282860
23.7600     0.00283350
23.7800     0.00283860
23.8200     0.00284380
23.8300     0.00285050
23.8600     0.00285570
23.8800     0.00286080
23.8900     0.00286530
23.9100     0.00287160
23.9500     0.00287790
23.9700     0.00288260
23.0000     0.00289100
24.0200     0.00289560
24.0300     0.00290150
24.0600     0.00290520
24.0800     0.00290990
24.1000     0.00291340
24.1300     0.00291580
24.1400     0.00291850
24.1600     0.00292130
24.2000     0.00292390
24.2100     0.00292580
24.2300     0.00292750
24.2700     0.00293050
24.2800     0.00293160
24.2900     0.00293510
24.3300     0.00293750
24.3500     0.00294030
24.3600     0.00294240
24.3900     0.00294500
24.4100     0.00294830
24.4500     0.00294940
24.4600     0.00295360
24.4800     0.00295800
24.5100     0.00296110
24.5300     0.00296370
24.5400     0.00296700
24.5800     0.00297160
24.5900     0.00297400
24.6000     0.00297860
24.6400     0.00298240
24.6600     0.00298560
24.6800     0.00298960
24.7100     0.00299610
24.7200     0.00299970
24.7600     0.00300510
24.7800     0.00301000
24.7900     0.00301390
24.8200     0.00301860
24.8300     0.00302300
24.8600     0.00302860
24.8900     0.00303260
24.9000     0.00303660
24.9300     0.00304270
24.9600     0.00304620
24.9700     0.00305080
24.9900     0.00305630
25.0200     0.00306050
25.0400     0.00306530
25.0700     0.00306950
25.0900     0.00307520
25.1000     0.00307990
25.1300     0.00308410
25.1500     0.00308970
25.1700     0.00309390
25.2000     0.00309930
25.2300     0.00310350
25.2400     0.00310910
25.2700     0.00311380
25.2800     0.00311820
25.3100     0.00312310
25.3300     0.00312870
25.3500     0.00313320
25.3800     0.00313740
25.4000     0.00314510
25.4100     0.00315000
25.4500     0.00315540
25.4600     0.00315930
25.4800     0.00316450
25.5200     0.00316890
25.5300     0.00317410
25.5600     0.00317870
25.5800     0.00318320
25.6000     0.00318860
25.6100     0.00319270
25.6500     0.00319760
25.6700     0.00320140
25.6800     0.00320590
25.7100     0.00321220
25.7300     0.00321680
25.7400     0.00322130
25.7800     0.00322690
25.8000     0.00323110
25.8300     0.00323460
25.8500     0.00323920
25.8600     0.00324350
25.9000     0.00324810
25.9100     0.00325280
25.9300     0.00325770
25.9600     0.00326130
25.9800     0.00326730
25.9900     0.00327130
26.0300     0.00327530
26.0500     0.00328040
26.0600     0.00328530
26.1000     0.00328970
26.1100     0.00329680
26.1200     0.00330010
26.1600     0.00330490
26.1800     0.00330990
26.2100     0.00331390
26.2300     0.00331920
26.2400     0.00332340
26.2800     0.00332790
26.2900     0.00333210
26.3100     0.00333680
26.3400     0.00334160
26.3600     0.00334590
26.3700     0.00335000
26.4100     0.00335410
26.4300     0.00335850
26.4400     0.00336250
26.4800     0.00336740
26.4900     0.00337140
26.5200     0.00337620
26.5500     0.00337930
26.5600     0.00338470
26.5900     0.00338860
26.6100     0.00339380
26.6200     0.00339780
26.6600     0.00340240
26.6700     0.00340660
26.6900     0.00341020
26.7200     0.00341500
26.7400     0.00341900
26.7500     0.00342320
26.7900     0.00342750
26.8100     0.00343280
26.8400     0.00343750
26.8500     0.00344170
26.8700     0.00344680
26.8800     0.00344990
26.9200     0.00345480
26.9400     0.00345880
26.9700     0.00346320
26.9800     0.00346620
27.0000     0.00347110
27.0400     0.00347490
27.0500     0.00347890
27.0700     0.00348330
27.1000     0.00348730
27.1200     0.00349190
27.1400     0.00349450
27.1700     0.00349900
27.1800     0.00350250
27.2000     0.00350810
27.2300     0.00351060
27.2500     0.00351480
27.2800     0.00351890
27.3000     0.00352230
27.3200     0.00352660
27.3500     0.00353100
27.3600     0.00353490
27.3700     0.00353780
27.4200     0.00354180
27.4300     0.00354600
27.4700     0.00355020
27.4800     0.00355290
27.5000     0.00355880
27.5300     0.00356250
27.5500     0.00356630
27.5600     0.00356960
27.5800     0.00357330
27.6200     0.00357800
27.6300     0.00358010
27.6600     0.00358520
27.6800     0.00358940
27.7000     0.00359390
27.7300     0.00359580
27.7500     0.00359900
27.7600     0.00360280
27.8000     0.00360630
27.8100     0.00361000
27.8300     0.00361370
27.8600     0.00361800
27.8800     0.00362080
27.9000     0.00362350
27.9300     0.00362750
27.9400     0.00363220
27.9800     0.00363500
28.0000     0.00363850
28.0100     0.00364320
28.0500     0.00364640
28.0600     0.00364980
28.0700     0.00365250
28.1100     0.00365700
28.1200     0.00366020
28.1400     0.00366300
28.1800     0.00366780
28.1900     0.00366920
28.2100     0.00367610
28.2400     0.00367830
28.2600     0.00368100
28.2700     0.00368550
28.3100     0.00368690
28.3200     0.00369090
28.3600     0.00369510
28.3700     0.00369790
28.3900     0.00370190
28.4200     0.00370420
28.4500     0.00370890
28.4100     0.00629930
