0.0800000     7.99000e-005
0.0800000     8.04000e-005
0.0800000     8.76000e-005
0.110000     9.53000e-005
0.130000     0.000102600
0.160000     0.000110500
0.170000     0.000119800
0.200000     0.000130200
0.230000     0.000137600
0.240000     0.000147000
0.260000     0.000158200
0.300000     0.000170400
0.320000     0.000181600
0.330000     0.000191200
0.360000     0.000205200
0.380000     0.000217800
0.390000     0.000237700
0.430000     0.000251700
0.440000     0.000266400
0.480000     0.000282600
0.490000     0.000299800
0.510000     0.000314100
0.530000     0.000332300
0.570000     0.000350300
0.580000     0.000369700
0.610000     0.000386100
0.630000     0.000406700
0.640000     0.000426100
0.680000     0.000447300
0.700000     0.000470000
0.730000     0.000490400
0.740000     0.000512800
0.760000     0.000536600
0.780000     0.000560200
0.810000     0.000583200
0.830000     0.000607700
0.840000     0.000633200
0.880000     0.000657900
0.890000     0.000685100
0.930000     0.000711900
0.950000     0.000738300
0.960000     0.000766400
1.00000     0.000792400
1.01000     0.000821400
1.03000     0.000850100
1.06000     0.000880500
1.07000     0.000925400
1.10000     0.000955000
1.13000     0.000987500
1.14000     0.00101720
1.16000     0.00105040
1.20000     0.00108250
1.21000     0.00111590
1.24000     0.00114770
1.26000     0.00118040
1.27000     0.00121430
1.31000     0.00124650
1.33000     0.00128280
1.34000     0.00131670
1.38000     0.00135200
1.39000     0.00138650
1.41000     0.00142210
1.44000     0.00145710
1.46000     0.00149380
1.47000     0.00152870
1.51000     0.00156680
1.52000     0.00160300
1.54000     0.00163900
1.57000     0.00167640
1.60000     0.00171310
1.62000     0.00175100
1.64000     0.00178890
1.66000     0.00182530
1.69000     0.00186410
1.71000     0.00190240
1.72000     0.00195970
1.76000     0.00199740
1.77000     0.00203710
1.79000     0.00207450
1.83000     0.00211310
1.85000     0.00215230
1.85000     0.00219090
1.89000     0.00223040
1.91000     0.00226920
1.93000     0.00230820
1.95000     0.00234820
1.97000     0.00238750
2.01000     0.00242630
2.02000     0.00246760
2.04000     0.00250740
2.07000     0.00254780
2.09000     0.00258730
2.11000     0.00262730
2.14000     0.00266710
2.16000     0.00270660
2.19000     0.00274720
2.20000     0.00278700
2.21000     0.00282930
2.23000     0.00286810
2.27000     0.00290940
2.28000     0.00294870
2.30000     0.00298910
2.34000     0.00303000
2.36000     0.00307020
2.39000     0.00311100
2.40000     0.00317240
2.42000     0.00321100
2.45000     0.00325190
2.46000     0.00329300
2.49000     0.00333350
2.52000     0.00337300
2.53000     0.00341300
2.57000     0.00345500
2.58000     0.00349570
2.60000     0.00353470
2.62000     0.00357560
2.65000     0.00361440
2.66000     0.00365600
2.70000     0.00369600
2.71000     0.00373640
2.73000     0.00377640
2.77000     0.00381710
2.79000     0.00385750
2.79000     0.00389940
2.83000     0.00393860
2.85000     0.00397950
2.87000     0.00401880
2.90000     0.00406020
2.91000     0.00410020
2.94000     0.00414090
2.97000     0.00418060
2.98000     0.00422060
3.01000     0.00426050
3.03000     0.00430330
3.05000     0.00434190
3.06000     0.00440260
3.10000     0.00444220
3.12000     0.00448370
3.15000     0.00452320
3.16000     0.00456190
3.17000     0.00460340
3.21000     0.00464360
3.23000     0.00468360
3.24000     0.00472340
3.28000     0.00476220
3.30000     0.00480380
3.31000     0.00484120
3.35000     0.00488230
3.36000     0.00492270
3.40000     0.00496130
3.42000     0.00500130
3.43000     0.00504050
3.46000     0.00508120
3.48000     0.00512100
3.49000     0.00515910
3.53000     0.00519980
3.54000     0.00523970
3.56000     0.00527810
3.59000     0.00531960
3.61000     0.00535890
3.63000     0.00539700
3.66000     0.00543720
3.68000     0.00547670
3.69000     0.00551720
3.73000     0.00555510
3.74000     0.00561370
3.77000     0.00565250
3.79000     0.00569220
3.81000     0.00573080
3.84000     0.00577060
3.85000     0.00580960
3.88000     0.00584940
3.91000     0.00588770
3.92000     0.00592740
3.94000     0.00596620
3.97000     0.00600380
4.00000     0.00604200
4.01000     0.00608210
4.04000     0.00611980
4.06000     0.00615880
4.07000     0.00619760
4.11000     0.00623590
4.12000     0.00627410
4.16000     0.00631290
4.17000     0.00635220
4.18000     0.00639050
4.22000     0.00642690
4.24000     0.00646670
4.25000     0.00650460
4.29000     0.00654400
4.31000     0.00658070
4.32000     0.00661960
4.35000     0.00665810
4.37000     0.00669430
4.39000     0.00675230
4.42000     0.00678970
4.43000     0.00682870
4.46000     0.00686520
4.48000     0.00690430
4.50000     0.00694120
4.53000     0.00697880
4.55000     0.00701710
4.56000     0.00705460
4.60000     0.00709310
4.61000     0.00713140
4.63000     0.00716840
4.67000     0.00720680
4.68000     0.00724490
4.70000     0.00728320
4.73000     0.00731870
4.74000     0.00735770
4.77000     0.00739330
4.80000     0.00743110
4.81000     0.00746850
4.83000     0.00750590
4.87000     0.00754270
4.88000     0.00758050
4.90000     0.00761810
4.93000     0.00765510
4.94000     0.00769200
4.96000     0.00772970
4.99000     0.00776590
5.01000     0.00780380
5.04000     0.00784120
5.07000     0.00789680
5.08000     0.00793300
5.11000     0.00797110
5.13000     0.00800800
5.14000     0.00804360
5.18000     0.00808120
5.19000     0.00811790
5.21000     0.00815630
5.24000     0.00819220
5.26000     0.00823040
5.29000     0.00826590
5.31000     0.00830210
5.33000     0.00833920
5.36000     0.00837520
5.38000     0.00841220
5.39000     0.00844820
5.42000     0.00848650
5.45000     0.00852250
5.46000     0.00855900
5.49000     0.00859400
5.51000     0.00863070
5.54000     0.00866600
5.55000     0.00870480
5.57000     0.00873880
5.60000     0.00877590
5.62000     0.00881140
5.64000     0.00884740
5.67000     0.00888390
5.69000     0.00892110
5.71000     0.00895730
5.74000     0.00901110
5.75000     0.00904660
5.77000     0.00908420
5.81000     0.00912040
5.82000     0.00915370
5.84000     0.00918920
5.87000     0.00922570
5.88000     0.00926190
5.91000     0.00929600
5.94000     0.00933290
5.95000     0.00936870
5.97000     0.00940310
6.00000     0.00943830
6.02000     0.00947360
6.05000     0.00951080
6.07000     0.00954520
6.08000     0.00958020
6.12000     0.00961530
6.14000     0.00964970
6.15000     0.00968380
6.18000     0.00972070
6.21000     0.00975650
6.22000     0.00979040
6.25000     0.00982500
6.27000     0.00986030
6.30000     0.00989580
6.31000     0.00992970
6.33000     0.00996500
6.36000     0.0100001
6.38000     0.0100353
6.40000     0.0100877
6.43000     0.0101218
6.45000     0.0101574
6.46000     0.0101911
6.50000     0.0102259
6.52000     0.0102623
6.53000     0.0102969
6.57000     0.0103320
6.58000     0.0103649
6.59000     0.0104005
6.63000     0.0104335
6.64000     0.0104685
6.66000     0.0105045
6.70000     0.0105370
6.71000     0.0105732
6.73000     0.0106060
6.76000     0.0106401
6.78000     0.0106759
6.81000     0.0107097
6.83000     0.0107444
6.84000     0.0107789
6.88000     0.0108119
6.89000     0.0108458
6.91000     0.0108813
6.94000     0.0109150
6.96000     0.0109498
6.97000     0.0109837
7.01000     0.0110176
7.02000     0.0110506
7.05000     0.0111018
7.08000     0.0111363
7.09000     0.0111705
7.10000     0.0112046
7.14000     0.0112383
7.16000     0.0112721
7.19000     0.0113067
7.21000     0.0113406
7.22000     0.0113726
7.26000     0.0114061
7.27000     0.0114391
7.29000     0.0114729
7.32000     0.0115082
7.34000     0.0115403
7.35000     0.0115741
7.39000     0.0116076
7.40000     0.0116420
7.43000     0.0116763
7.46000     0.0117086
7.47000     0.0117417
7.50000     0.0117721
7.52000     0.0118065
7.53000     0.0118397
7.57000     0.0118736
7.58000     0.0119063
7.60000     0.0119405
7.63000     0.0119734
7.65000     0.0120056
7.67000     0.0120388
7.70000     0.0120721
7.72000     0.0121213
7.74000     0.0121548
7.77000     0.0121866
7.79000     0.0122209
7.79000     0.0122528
7.83000     0.0122873
7.85000     0.0123186
7.88000     0.0123535
7.89000     0.0123851
7.92000     0.0124180
7.95000     0.0124502
7.96000     0.0124835
7.98000     0.0125157
8.01000     0.0125475
8.03000     0.0125798
8.05000     0.0126132
8.08000     0.0126459
8.09000     0.0126784
8.11000     0.0127097
8.14000     0.0127429
8.16000     0.0127733
8.19000     0.0128055
8.21000     0.0128373
8.23000     0.0128696
8.26000     0.0129002
8.27000     0.0129325
8.30000     0.0129641
8.32000     0.0129958
8.34000     0.0130272
8.35000     0.0130603
8.39000     0.0131082
8.41000     0.0131400
8.42000     0.0131737
8.46000     0.0132053
8.47000     0.0132371
8.51000     0.0132702
8.52000     0.0133020
8.54000     0.0133336
8.55000     0.0133647
8.59000     0.0133958
8.61000     0.0134311
8.64000     0.0134610
8.66000     0.0134911
8.67000     0.0135230
8.70000     0.0135552
8.72000     0.0135861
8.74000     0.0136178
8.77000     0.0136477
8.78000     0.0136784
8.82000     0.0137113
8.84000     0.0137434
8.85000     0.0137733
8.88000     0.0138063
8.90000     0.0138388
8.91000     0.0138693
8.95000     0.0139011
8.97000     0.0139316
8.98000     0.0139643
9.02000     0.0139951
9.03000     0.0140250
9.05000     0.0140557
9.08000     0.0141022
9.11000     0.0141326
9.12000     0.0141655
9.15000     0.0141966
9.17000     0.0142254
9.19000     0.0142558
9.22000     0.0142876
9.23000     0.0143184
9.25000     0.0143481
9.28000     0.0143766
9.30000     0.0144072
9.33000     0.0144397
9.35000     0.0144684
9.37000     0.0144986
9.40000     0.0145272
9.41000     0.0145592
9.43000     0.0145877
9.47000     0.0146186
9.48000     0.0146492
9.50000     0.0146814
9.53000     0.0147109
9.54000     0.0147417
9.56000     0.0147705
9.60000     0.0148009
9.61000     0.0148326
9.63000     0.0148626
9.67000     0.0148918
9.68000     0.0149252
9.71000     0.0149551
9.73000     0.0149832
9.74000     0.0150143
9.77000     0.0150570
9.79000     0.0150879
9.81000     0.0151178
9.84000     0.0151468
9.85000     0.0151763
9.88000     0.0152055
9.91000     0.0152371
9.92000     0.0152662
9.94000     0.0152952
9.98000     0.0153263
9.99000     0.0153560
10.0200     0.0153880
10.0400     0.0154159
10.0500     0.0154428
10.0300     0.0154729
10.1100     0.0155026
10.1200     0.0155311
10.1500     0.0155617
10.1800     0.0155905
10.1800     0.0156192
10.2200     0.0156524
10.2400     0.0156817
10.2500     0.0157106
10.2800     0.0157401
10.3000     0.0157681
10.3400     0.0157971
10.3500     0.0158261
10.3700     0.0158527
10.4000     0.0158805
10.4200     0.0159128
10.4300     0.0159394
10.4700     0.0159698
10.4800     0.0159984
10.5000     0.0160418
10.5300     0.0160682
10.5500     0.0160972
10.5700     0.0161258
10.6000     0.0161561
10.6200     0.0161847
10.6300     0.0162129
10.6700     0.0162434
10.6800     0.0162725
10.7100     0.0163004
10.7300     0.0163294
10.7500     0.0163584
10.7800     0.0163873
10.8000     0.0164201
10.8100     0.0164462
10.8500     0.0164762
10.8600     0.0165021
10.8800     0.0165292
10.9100     0.0165598
10.9200     0.0165860
10.9400     0.0166110
10.9800     0.0166428
10.9900     0.0166716
11.0300     0.0166991
11.0500     0.0167321
11.0600     0.0167602
11.0800     0.0167878
11.1200     0.0168153
11.1200     0.0168436
11.1600     0.0168750
11.1800     0.0169044
11.1900     0.0169325
11.2300     0.0169628
11.2500     0.0170030
11.2600     0.0170273
11.2900     0.0170530
11.3000     0.0170802
11.3200     0.0171085
11.3600     0.0171368
11.3700     0.0171645
11.4100     0.0171922
11.4200     0.0172199
11.4400     0.0172475
11.4700     0.0172756
11.4900     0.0173032
11.5000     0.0173301
11.5400     0.0173590
11.5600     0.0173868
11.5700     0.0174151
11.6000     0.0174451
11.6200     0.0174712
11.6400     0.0174965
11.6700     0.0175248
11.6900     0.0175498
11.7000     0.0175788
11.7400     0.0176057
11.7500     0.0176335
11.7900     0.0176594
11.8000     0.0176891
11.8100     0.0177144
11.8500     0.0177443
11.8700     0.0177693
11.8800     0.0177950
11.9200     0.0178230
11.9300     0.0178515
11.9500     0.0178796
11.9800     0.0179060
12.0000     0.0179476
12.0100     0.0179771
12.0500     0.0180060
12.0700     0.0180336
12.0800     0.0180612
12.1100     0.0180876
12.1300     0.0181159
12.1600     0.0181435
12.1800     0.0181708
12.2000     0.0181957
12.2100     0.0182211
12.2500     0.0182503
12.2600     0.0182763
12.3000     0.0183053
12.3100     0.0183317
12.3300     0.0183595
12.3600     0.0183875
12.3800     0.0184170
12.3900     0.0184420
12.4300     0.0184689
12.4400     0.0184988
12.4600     0.0185262
12.4900     0.0185537
12.5100     0.0185785
12.5400     0.0186089
12.5500     0.0186297
12.5800     0.0186563
12.6100     0.0186830
12.6200     0.0187092
12.6400     0.0187387
12.6700     0.0187658
12.6900     0.0187933
12.7100     0.0188198
12.7400     0.0188473
12.7600     0.0188890
12.7700     0.0189158
12.8100     0.0189416
12.8200     0.0189696
12.8400     0.0189955
12.8700     0.0190241
12.8900     0.0190505
12.9200     0.0190799
12.9400     0.0191103
12.9500     0.0191341
12.9900     0.0191592
13.0000     0.0191858
13.0100     0.0192145
13.0500     0.0192429
13.0700     0.0192721
13.0900     0.0192983
13.1200     0.0193258
13.1400     0.0193537
13.1700     0.0193796
13.1800     0.0194077
13.2000     0.0194373
13.2300     0.0194649
13.2500     0.0194913
13.2700     0.0195171
13.2800     0.0195465
13.3100     0.0195718
13.3300     0.0196021
13.3700     0.0196285
13.3900     0.0196594
13.4000     0.0196895
13.4300     0.0197169
13.4500     0.0197457
13.4700     0.0197711
13.5000     0.0197994
13.5100     0.0198267
13.5300     0.0198689
13.5700     0.0198962
13.5800     0.0199249
13.5900     0.0199507
13.6300     0.0199768
13.6400     0.0200065
13.6800     0.0200318
13.6900     0.0200621
13.7100     0.0200879
13.7400     0.0201173
13.7600     0.0201454
13.7800     0.0201750
13.8100     0.0202000
13.8200     0.0202290
13.8500     0.0202566
13.8700     0.0202844
13.8900     0.0203141
13.9100     0.0203385
13.9400     0.0203663
13.9600     0.0203959
13.9900     0.0204205
14.0000     0.0204514
14.0200     0.0204775
14.0600     0.0205088
14.0800     0.0205381
14.0900     0.0205635
14.1200     0.0205923
14.1400     0.0206217
14.1500     0.0206517
14.1900     0.0206779
14.2100     0.0207064
14.2200     0.0207330
14.2600     0.0207587
14.2700     0.0207882
14.2900     0.0208281
14.3200     0.0208552
14.3300     0.0208824
14.3700     0.0209097
14.3900     0.0209383
14.4000     0.0209637
14.4400     0.0209909
14.4500     0.0210201
14.4700     0.0210470
14.5000     0.0210752
14.5100     0.0211021
14.5300     0.0211288
14.5700     0.0211587
14.5800     0.0211869
14.6000     0.0212131
14.6300     0.0212426
14.6500     0.0212697
14.6700     0.0212975
14.7000     0.0213256
14.7100     0.0213506
14.7500     0.0213812
14.7700     0.0214069
14.7800     0.0214380
14.8100     0.0214672
14.8300     0.0214922
14.8500     0.0215193
14.8800     0.0215476
14.9000     0.0215731
14.9100     0.0216017
14.9500     0.0216313
14.9600     0.0216589
14.9800     0.0216893
15.0100     0.0217169
15.0300     0.0217258
15.0300     0.0217232
15.0200     0.0217202
15.0200     0.0217162
14.7300     0.0105248
