10.1700     5.74000e-005
10.2100     5.81000e-005
10.2300     5.82000e-005
10.2600     5.96000e-005
10.2800     6.05000e-005
10.2900     6.21000e-005
10.3100     6.19000e-005
10.3400     6.35000e-005
10.3600     6.42000e-005
10.3900     6.47000e-005
10.4200     6.63000e-005
10.4200     6.73000e-005
10.4600     6.65000e-005
10.4800     6.77000e-005
10.4900     6.91000e-005
10.5300     6.96000e-005
10.5300     7.05000e-005
10.5600     7.17000e-005
10.5900     7.19000e-005
10.6100     7.33000e-005
10.6300     7.33000e-005
10.6500     7.54000e-005
10.6700     7.50000e-005
10.7100     7.55000e-005
10.7300     7.69000e-005
10.7400     7.76000e-005
10.7700     7.89000e-005
10.7900     7.92000e-005
10.8100     8.01000e-005
10.8400     8.11000e-005
10.8600     8.13000e-005
10.8800     8.10000e-005
10.9100     8.13000e-005
10.9200     8.01000e-005
10.9500     8.17000e-005
10.9700     8.18000e-005
10.9800     8.29000e-005
11.0200     8.32000e-005
11.0400     8.38000e-005
11.0500     8.41000e-005
11.0900     8.50000e-005
11.1100     8.55000e-005
11.1200     8.57000e-005
11.1600     8.67000e-005
11.1700     8.81000e-005
11.1900     8.81000e-005
11.2200     8.81000e-005
11.2400     8.97000e-005
11.2700     9.02000e-005
11.2900     9.06000e-005
11.3000     9.13000e-005
11.3400     9.18000e-005
11.3500     9.34000e-005
11.3700     9.28000e-005
11.4100     9.41000e-005
11.4200     9.44000e-005
11.4400     9.48000e-005
11.4700     9.55000e-005
11.4900     9.74000e-005
11.5100     9.67000e-005
11.5400     9.77000e-005
11.5600     9.91000e-005
11.5700     9.88000e-005
11.6100     0.000100500
11.6300     0.000101600
11.6400     0.000102300
11.6700     0.000102600
11.6900     0.000103700
11.7200     0.000104000
11.7300     0.000104900
11.7500     0.000105600
11.7700     0.000106700
11.8000     0.000106800
11.8200     0.000106100
11.8500     0.000107900
11.8700     0.000108900
11.8900     0.000109500
11.9200     0.000109800
11.9300     0.000110900
11.9600     0.000111500
11.9900     0.000112400
12.0000     0.000112600
12.0200     0.000114000
12.0600     0.000114200
12.0700     0.000115200
12.1000     0.000115900
12.1200     0.000115700
12.1400     0.000117100
12.1700     0.000118200
12.1900     0.000118000
12.2000     0.000118700
12.2400     0.000119600
12.2500     0.000121000
12.2700     0.000120800
12.3000     0.000121300
12.3200     0.000123300
12.3400     0.000121700
12.3700     0.000124000
12.3800     0.000124000
12.4000     0.000124800
12.4400     0.000126100
12.4500     0.000126200
12.4700     0.000126800
12.5000     0.000126900
12.5200     0.000127800
12.5500     0.000129400
12.5700     0.000130100
12.5800     0.000130400
12.6200     0.000130400
12.6400     0.000131300
12.6600     0.000132500
12.6900     0.000132200
12.7000     0.000133900
12.7200     0.000134300
12.7500     0.000136400
12.7700     0.000135500
12.7800     0.000136500
12.8200     0.000136400
12.8300     0.000138800
12.8700     0.000139200
12.8800     0.000139200
12.9000     0.000138500
12.9400     0.000141300
12.9600     0.000141400
12.9700     0.000141600
13.0000     0.000143500
13.0200     0.000143500
13.0400     0.000144100
13.0700     0.000145500
13.0900     0.000146000
13.1000     0.000146700
13.1400     0.000147000
13.1500     0.000147700
13.1900     0.000148400
13.2000     0.000149300
13.2100     0.000150000
13.2500     0.000152100
13.2700     0.000151900
13.2900     0.000152300
13.3200     0.000153300
13.3400     0.000153500
13.3500     0.000154500
13.3800     0.000155900
13.4000     0.000156100
13.4200     0.000157200
13.4500     0.000158600
13.4700     0.000159300
13.4900     0.000158900
13.5200     0.000160300
13.5300     0.000161500
13.5700     0.000162400
13.5900     0.000162800
13.6000     0.000162400
13.6300     0.000164000
13.6500     0.000166300
13.6700     0.000165900
13.7000     0.000166300
13.7200     0.000168300
13.7400     0.000168000
13.7700     0.000168900
13.7800     0.000169900
13.8000     0.000170400
13.8300     0.000171500
13.8500     0.000172900
13.8600     0.000174600
13.9000     0.000174800
13.9200     0.000175200
13.9300     0.000176700
13.9700     0.000177100
13.9800     0.000179200
14.0200     0.000179500
14.0300     0.000180400
14.0500     0.000180900
14.0900     0.000183000
14.1000     0.000183200
14.1200     0.000184600
14.1500     0.000185300
14.1700     0.000186300
14.2000     0.000187400
14.2200     0.000188400
14.2300     0.000189800
14.2500     0.000190200
14.2800     0.000190900
14.3000     0.000192100
14.3300     0.000193200
14.3500     0.000194000
14.3600     0.000194900
14.3000     0.000195800
14.4200     0.000196800
14.4300     0.000198200
14.4700     0.000198600
14.4900     0.000199300
14.5000     0.000200500
14.5300     0.000201600
14.5500     0.000202100
14.5700     0.000203300
14.6000     0.000205200
14.6200     0.000205900
14.6500     0.000206100
14.6600     0.000207500
14.6800     0.000207800
14.7000     0.000209800
14.7300     0.000210300
14.7500     0.000212000
14.7700     0.000212900
14.8000     0.000213600
14.8100     0.000214000
14.8500     0.000216600
14.8600     0.000217600
14.8800     0.000218200
14.9200     0.000219900
14.9300     0.000220600
14.9500     0.000222000
14.9900     0.000222900
15.0000     0.000224400
15.0300     0.000225300
15.0500     0.000226200
15.0600     0.000227200
15.1000     0.000228300
15.1100     0.000229700
15.1300     0.000232700
15.1700     0.000232100
15.1800     0.000233700
15.2000     0.000234200
15.2300     0.000234800
15.2400     0.000237200
15.2600     0.000238100
15.3000     0.000239800
15.3200     0.000241400
15.3300     0.000242400
15.3600     0.000243000
15.3800     0.000244200
15.4100     0.000245900
15.4300     0.000247000
15.4500     0.000248600
15.4800     0.000250100
15.5000     0.000251900
15.5100     0.000253800
15.5500     0.000253800
15.5700     0.000255000
15.5800     0.000258200
15.6100     0.000259400
15.6300     0.000261000
15.6600     0.000261500
15.6800     0.000263400
15.7000     0.000261300
15.7100     0.000263400
15.7500     0.000264800
15.7600     0.000267800
15.8000     0.000269900
15.8200     0.000272000
15.8300     0.000271800
15.8600     0.000274400
15.8700     0.000275700
15.9000     0.000277900
15.9300     0.000278600
15.9500     0.000280400
15.9600     0.000280400
16.0000     0.000283900
16.0100     0.000285100
16.0500     0.000286700
16.0700     0.000288200
16.0800     0.000290000
16.1000     0.000291200
16.1300     0.000293300
16.1500     0.000295400
16.1800     0.000296500
16.2000     0.000298000
16.2100     0.000300100
16.2400     0.000301300
16.2600     0.000302700
16.2800     0.000305400
16.3100     0.000307500
16.3300     0.000308000
16.3500     0.000311100
16.3800     0.000312700
16.4000     0.000312900
16.4100     0.000316200
16.4500     0.000317800
16.4600     0.000319300
16.4700     0.000320900
16.5100     0.000323200
16.5200     0.000324800
16.5700     0.000326700
16.5800     0.000328400
16.5900     0.000330500
16.6300     0.000332300
16.6400     0.000333700
16.6600     0.000335900
16.7000     0.000337300
16.7100     0.000340000
16.7200     0.000341000
16.7600     0.000342600
16.7800     0.000344900
16.8100     0.000346600
16.8300     0.000349100
16.8500     0.000350300
16.8800     0.000352900
16.8900     0.000353900
16.9100     0.000356900
16.9400     0.000358300
16.9600     0.000360100
16.9800     0.000362500
17.0100     0.000364600
17.0300     0.000366700
17.0500     0.000369700
17.0800     0.000370600
17.1000     0.000373000
17.1100     0.000375800
17.1400     0.000376500
17.1600     0.000379600
17.2000     0.000381400
17.2000     0.000382600
17.2200     0.000386500
17.2600     0.000388600
17.2800     0.000390500
17.2900     0.000392000
17.3300     0.000394300
17.3400     0.000397600
17.3600     0.000398300
17.4000     0.000401300
17.4100     0.000402400
17.4300     0.000405500
17.4600     0.000408100
17.4800     0.000411300
17.4900     0.000412300
17.5300     0.000414100
17.5400     0.000416500
17.5800     0.000419100
17.5900     0.000420700
17.6200     0.000423900
17.6300     0.000426100
17.6600     0.000428900
17.6800     0.000430700
17.7100     0.000433800
17.7300     0.000436100
17.7400     0.000439400
17.7800     0.000443300
17.8000     0.000444700
17.8100     0.000446700
17.8500     0.000449900
17.8600     0.000452900
17.8800     0.000455300
17.9200     0.000457600
17.9200     0.000460400
17.9600     0.000462800
17.9800     0.000465400
17.9900     0.000467200
18.0300     0.000471600
18.0500     0.000474500
18.0600     0.000476500
18.1000     0.000478400
18.1100     0.000481500
18.1300     0.000484700
18.1600     0.000487600
18.1800     0.000489700
18.2000     0.000493100
18.2300     0.000496200
18.2500     0.000498800
18.2800     0.000502100
18.3000     0.000504200
18.3100     0.000507900
18.3500     0.000509800
18.3600     0.000513500
18.3800     0.000517000
18.4100     0.000519100
18.4300     0.000522800
18.4400     0.000526100
18.4800     0.000528500
18.5000     0.000534000
18.5100     0.000536900
18.5400     0.000540600
18.5500     0.000542900
18.5900     0.000546900
18.6100     0.000550400
18.6200     0.000553900
18.6400     0.000557700
18.6800     0.000560700
18.7000     0.000564500
18.7100     0.000567200
18.7500     0.000571200
18.7600     0.000575400
18.7900     0.000579600
18.8100     0.000581800
18.8300     0.000585900
18.8600     0.000590200
18.8800     0.000593900
18.8900     0.000596900
18.9300     0.000601900
18.9400     0.000605300
18.9600     0.000609600
18.9900     0.000614300
19.0100     0.000618200
19.0300     0.000623600
19.0600     0.000627800
19.0800     0.000631500
19.0900     0.000637200
19.1300     0.000640700
19.1400     0.000645100
19.1800     0.000652800
19.2000     0.000654700
19.2100     0.000662800
19.2500     0.000668200
19.2600     0.000673800
19.2900     0.000678100
19.3200     0.000683700
19.3300     0.000688600
19.3400     0.000694600
19.3800     0.000701200
19.3900     0.000708400
19.4300     0.000714000
19.4400     0.000720600
19.4600     0.000727200
19.5000     0.000733500
19.5200     0.000739800
19.5200     0.000747700
19.5600     0.000754700
19.5800     0.000763400
19.5900     0.000770100
19.6300     0.000776900
19.6400     0.000787200
19.6600     0.000795800
19.7000     0.000805700
19.7100     0.000837000
19.7300     0.000859500
19.7600     0.00108940
19.7800     0.00109780
19.8100     0.00110700
19.8300     0.00111650
19.8500     0.00112520
19.8800     0.00113390
19.9000     0.00114300
19.9100     0.00115040
19.9500     0.00116450
19.9700     0.00117390
19.9800     0.00118370
20.0100     0.00119140
20.0300     0.00119930
20.0400     0.00120770
20.0800     0.00121680
20.1000     0.00122550
20.1100     0.00123340
20.1500     0.00124180
20.1600     0.00125280
20.1800     0.00126050
20.2100     0.00126810
20.2300     0.00127500
20.2600     0.00128320
20.2800     0.00129050
20.3000     0.00129840
20.3300     0.00130660
20.3500     0.00131320
20.3600     0.00132180
20.4000     0.00132880
20.4100     0.00133700
20.4300     0.00134420
20.4700     0.00135190
20.4700     0.00135990
20.5000     0.00136810
20.5300     0.00137560
20.5500     0.00138380
20.5600     0.00139010
20.6000     0.00139870
20.6100     0.00140570
20.6500     0.00141830
20.6700     0.00142680
20.6900     0.00143330
20.7200     0.00144200
20.7300     0.00144990
20.7700     0.00145760
20.7800     0.00146600
20.8000     0.00147730
20.8100     0.00148560
20.8500     0.00149450
20.8700     0.00150230
20.8800     0.00151140
20.9100     0.00152120
20.9300     0.00153170
20.9700     0.00154130
20.9800     0.00155210
21.0000     0.00156300
21.0300     0.00157710
21.0500     0.00159010
21.0600     0.00159880
21.1000     0.00160790
21.1200     0.00161630
21.1400     0.00162450
21.1700     0.00163060
21.1900     0.00163830
21.2000     0.00164410
21.2400     0.00165250
21.2500     0.00165870
21.2900     0.00166540
21.3000     0.00167200
21.3200     0.00167830
21.3500     0.00168900
21.3700     0.00169580
21.3900     0.00170160
21.4200     0.00170870
21.4300     0.00171500
21.4600     0.00172110
21.4900     0.00172810
21.5000     0.00173370
21.5200     0.00173980
21.5600     0.00174740
21.5700     0.00175290
21.5900     0.00175940
21.6200     0.00176570
21.6400     0.00177230
21.6700     0.00177930
21.6900     0.00178480
21.7000     0.00179050
21.7400     0.00179660
21.7600     0.00180350
21.7700     0.00180760
21.8100     0.00181500
21.8300     0.00181990
21.8400     0.00182670
21.8700     0.00183210
21.8900     0.00183960
21.9100     0.00184430
21.9400     0.00185050
21.9500     0.00185690
21.9300     0.00186160
22.0000     0.00186780
22.0200     0.00187390
22.0600     0.00188190
22.0700     0.00188860
22.0900     0.00189430
22.1300     0.00190150
22.1400     0.00190550
22.1600     0.00191250
22.2000     0.00191720
22.2100     0.00192370
22.2200     0.00193000
22.2600     0.00193580
22.2800     0.00194170
22.2800     0.00194800
22.3300     0.00195360
22.3400     0.00195930
22.3600     0.00196530
22.4000     0.00197250
22.4100     0.00197720
22.4300     0.00198400
22.4600     0.00198850
22.4800     0.00199640
22.5100     0.00200160
22.5300     0.00200720
22.5500     0.00201370
22.5800     0.00201860
22.5900     0.00202510
22.6200     0.00203220
22.6500     0.00203710
22.6700     0.00204380
22.6800     0.00204860
22.7100     0.00205370
22.7400     0.00205980
22.7400     0.00206930
22.7900     0.00207470
22.8000     0.00208010
22.8400     0.00208760
22.8600     0.00209360
22.8700     0.00209860
22.9100     0.00210610
22.9300     0.00211090
22.9400     0.00211700
22.9700     0.00212240
22.9800     0.00212940
23.0100     0.00213460
23.0400     0.00214040
23.0600     0.00214720
23.0700     0.00215160
23.1100     0.00215790
23.1300     0.00216420
23.1600     0.00216920
23.1800     0.00217400
23.2000     0.00218010
23.2200     0.00218530
23.2400     0.00219180
23.2600     0.00219810
23.3000     0.00220310
23.3100     0.00220960
23.3200     0.00221470
23.3600     0.00222030
23.3700     0.00222530
23.4100     0.00223340
23.4200     0.00223740
23.4400     0.00224680
23.4800     0.00225230
23.4900     0.00226220
23.5100     0.00226610
23.5400     0.00227040
23.5600     0.00227440
23.5800     0.00228020
23.6000     0.00228650
23.6300     0.00229190
23.6500     0.00229730
23.6800     0.00230360
23.7100     0.00230970
23.7100     0.00231480
23.7500     0.00232220
23.7700     0.00232860
23.7800     0.00233370
23.8200     0.00233860
23.8300     0.00234350
23.8600     0.00234960
23.8900     0.00235520
23.9000     0.00236060
23.9400     0.00236710
23.9500     0.00237210
23.9700     0.00237860
24.0000     0.00238470
24.0300     0.00238960
24.0300     0.00239570
24.0700     0.00240150
24.0900     0.00240660
24.1000     0.00241320
24.1400     0.00241780
24.1500     0.00242720
24.1800     0.00243300
24.2000     0.00243770
24.2200     0.00244400
24.2400     0.00245010
24.2700     0.00245500
24.2900     0.00246040
24.3200     0.00246600
24.3300     0.00247280
24.3500     0.00247680
24.3900     0.00248360
24.4100     0.00248910
24.4200     0.00249430
24.4500     0.00250010
24.4600     0.00250500
24.4900     0.00251140
24.5200     0.00251720
24.5300     0.00252310
24.5400     0.00252860
24.5800     0.00253410
24.6000     0.00254080
24.6300     0.00254640
24.6400     0.00255140
24.6700     0.00255770
24.7000     0.00256330
24.7100     0.00256790
24.7300     0.00257520
24.7600     0.00257920
24.7800     0.00258500
24.7900     0.00259090
24.8300     0.00259720
24.8400     0.00260600
24.8600     0.00261260
24.9000     0.00261700
24.9100     0.00262310
24.9400     0.00262890
24.9600     0.00263460
24.9800     0.00263990
24.9900     0.00264340
25.0300     0.00265140
25.0400     0.00265680
25.0600     0.00266220
25.1000     0.00266890
25.1100     0.00267380
25.1400     0.00267940
25.1600     0.00268530
25.1800     0.00269070
25.2100     0.00269740
25.2200     0.00270210
25.2300     0.00270820
25.2700     0.00271400
25.2900     0.00272030
25.3000     0.00272990
25.3500     0.00273480
25.3600     0.00274070
25.3700     0.00274530
25.4000     0.00275160
25.4200     0.00275730
25.4600     0.00276260
25.4800     0.00276760
25.4800     0.00277310
25.5200     0.00278210
25.5400     0.00278830
25.5600     0.00279330
25.5900     0.00279840
25.6000     0.00280420
25.6400     0.00281010
25.6600     0.00281450
25.6700     0.00281990
25.7000     0.00282530
25.7200     0.00283020
25.7300     0.00283630
25.7700     0.00284170
25.7800     0.00284800
25.8000     0.00285360
25.8300     0.00285710
25.8500     0.00286290
25.8600     0.00286900
25.9000     0.00287420
25.9200     0.00287970
25.9400     0.00288510
25.9700     0.00289000
25.9800     0.00289500
25.9900     0.00290050
26.0300     0.00290640
26.0400     0.00291060
26.0800     0.00291510
26.1000     0.00292070
26.1100     0.00292630
26.1500     0.00293090
26.1700     0.00293720
26.1800     0.00294290
26.2200     0.00294550
26.2300     0.00295290
26.2500     0.00295880
26.2800     0.00296390
26.3000     0.00296830
26.3100     0.00297180
26.3500     0.00297790
26.3600     0.00298260
26.3800     0.00298710
26.4100     0.00299200
26.4300     0.00299780
26.4600     0.00300270
26.4800     0.00300670
26.4900     0.00301070
26.5300     0.00301600
26.5400     0.00302020
26.5600     0.00302490
26.6000     0.00302870
26.6100     0.00303610
26.6300     0.00303940
26.6600     0.00304270
26.6800     0.00304760
26.6900     0.00305130
26.7300     0.00305740
26.7400     0.00306090
26.7600     0.00306460
26.8000     0.00306890
26.8100     0.00307350
26.8400     0.00307680
26.8600     0.00308150
26.8700     0.00308690
26.9100     0.00309270
26.9300     0.00309900
26.9500     0.00310160
26.9700     0.00310530
26.9900     0.00310950
27.0100     0.00311310
27.0400     0.00311790
27.0600     0.00312100
0.000000     0.000000
