-0.0600000     3.92000e-005
-0.0600000     3.85000e-005
-0.0600000     3.80000e-005
-0.0600000     3.92000e-005
-0.0600000     3.74000e-005
-0.0600000     3.87000e-005
-0.0400000     4.18000e-005
-0.0300000     4.51000e-005
0.000000     4.76000e-005
0.0100000     5.14000e-005
0.0200000     5.54000e-005
0.0600000     5.89000e-005
0.0700000     6.28000e-005
0.0900000     6.79000e-005
0.130000     7.21000e-005
0.140000     7.61000e-005
0.160000     8.08000e-005
0.190000     8.57000e-005
0.210000     9.08000e-005
0.240000     9.67000e-005
0.260000     0.000102600
0.280000     0.000107400
0.310000     0.000113800
0.320000     0.000121000
0.340000     0.000126800
0.380000     0.000136700
0.390000     0.000143400
0.420000     0.000151400
0.440000     0.000158400
0.460000     0.000166100
0.490000     0.000173900
0.510000     0.000182000
0.520000     0.000189500
0.550000     0.000198800
0.570000     0.000207700
0.580000     0.000217100
0.620000     0.000226400
0.640000     0.000235500
0.660000     0.000245600
0.680000     0.000255700
0.700000     0.000266400
0.720000     0.000277100
0.750000     0.000287400
0.770000     0.000298900
0.790000     0.000312400
0.820000     0.000323200
0.840000     0.000334500
0.870000     0.000347800
0.890000     0.000359900
0.900000     0.000372800
0.940000     0.000384700
0.950000     0.000399000
0.960000     0.000412500
1.00000     0.000425800
1.01000     0.000439800
1.03000     0.000453700
1.07000     0.000474900
1.08000     0.000490800
1.10000     0.000503900
1.13000     0.000519300
1.15000     0.000534300
1.18000     0.000551400
1.20000     0.000565900
1.21000     0.000581500
1.25000     0.000599100
1.26000     0.000613300
1.28000     0.000630600
1.31000     0.000646500
1.33000     0.000662900
1.35000     0.000680100
1.38000     0.000697700
1.39000     0.000714700
1.41000     0.000731600
1.45000     0.000749800
1.46000     0.000766600
1.48000     0.000784700
1.51000     0.000803400
1.52000     0.000821100
1.54000     0.000840300
1.57000     0.000857800
1.59000     0.000876100
1.62000     0.000894800
1.63000     0.000913700
1.66000     0.000931700
1.69000     0.000950600
1.71000     0.000970300
1.74000     0.000988700
1.75000     0.00101750
1.77000     0.00103710
1.79000     0.00105530
1.82000     0.00107570
1.84000     0.00109460
1.85000     0.00111540
1.89000     0.00113430
1.90000     0.00115330
1.94000     0.00117310
1.95000     0.00119320
1.97000     0.00121290
2.00000     0.00123320
2.02000     0.00125330
2.04000     0.00127200
2.07000     0.00129280
2.08000     0.00131290
2.10000     0.00133210
2.13000     0.00135190
2.15000     0.00137200
2.18000     0.00139210
2.20000     0.00141220
2.22000     0.00143260
2.23000     0.00145250
2.26000     0.00147260
2.28000     0.00149290
2.30000     0.00151190
2.33000     0.00153330
2.34000     0.00155320
2.38000     0.00157330
2.40000     0.00159460
2.41000     0.00161310
2.45000     0.00164390
2.46000     0.00166420
2.48000     0.00168530
2.51000     0.00170490
2.52000     0.00172530
2.54000     0.00174490
2.58000     0.00176610
2.59000     0.00178560
2.61000     0.00180640
2.65000     0.00182620
2.66000     0.00184630
2.69000     0.00186640
2.71000     0.00188660
2.72000     0.00190690
2.76000     0.00192700
2.77000     0.00194750
2.78000     0.00196700
2.82000     0.00198710
2.84000     0.00200710
2.85000     0.00202720
2.89000     0.00204730
2.90000     0.00206770
2.94000     0.00208740
2.96000     0.00210750
2.97000     0.00212830
3.01000     0.00214770
3.03000     0.00216850
3.04000     0.00218780
3.07000     0.00220700
3.09000     0.00222800
3.10000     0.00225850
3.14000     0.00227650
3.15000     0.00229820
3.17000     0.00231810
3.20000     0.00233770
3.22000     0.00235750
3.24000     0.00237670
3.27000     0.00239680
3.29000     0.00241710
3.30000     0.00243650
3.33000     0.00245670
3.35000     0.00247700
3.37000     0.00249590
3.40000     0.00251610
3.42000     0.00253340
3.45000     0.00255420
3.47000     0.00257420
3.48000     0.00259440
3.51000     0.00261560
3.53000     0.00263450
3.55000     0.00265370
3.58000     0.00267290
3.60000     0.00269340
3.61000     0.00271240
3.65000     0.00273220
3.66000     0.00275240
3.70000     0.00277240
3.71000     0.00279000
3.73000     0.00281050
3.76000     0.00282930
3.78000     0.00284980
3.79000     0.00286860
3.83000     0.00288790
3.85000     0.00291780
3.87000     0.00293580
3.89000     0.00295460
3.91000     0.00297420
3.93000     0.00299330
3.96000     0.00301210
3.97000     0.00303290
3.99000     0.00305180
4.02000     0.00307070
4.04000     0.00308970
4.07000     0.00310910
4.09000     0.00312850
4.10000     0.00314790
4.14000     0.00316640
4.16000     0.00318650
4.17000     0.00320450
4.21000     0.00322460
4.22000     0.00324390
4.24000     0.00326200
4.27000     0.00328110
4.29000     0.00330070
4.30000     0.00332010
4.34000     0.00333820
4.36000     0.00335800
4.37000     0.00337600
4.40000     0.00339560
4.42000     0.00341320
4.45000     0.00343190
4.47000     0.00345080
4.49000     0.00347000
4.52000     0.00348940
4.53000     0.00350830
4.55000     0.00352610
4.58000     0.00355340
4.60000     0.00357240
4.61000     0.00359110
4.65000     0.00360880
4.67000     0.00362820
4.68000     0.00364640
4.71000     0.00366400
4.73000     0.00368320
4.74000     0.00370280
4.78000     0.00372030
4.79000     0.00373970
4.83000     0.00375860
4.85000     0.00377640
4.86000     0.00379540
4.90000     0.00381310
4.92000     0.00383160
4.93000     0.00385120
4.96000     0.00386810
4.98000     0.00388670
4.99000     0.00390520
5.03000     0.00392350
5.04000     0.00394260
5.06000     0.00396160
5.09000     0.00397860
5.11000     0.00399780
5.14000     0.00401690
5.16000     0.00403450
5.17000     0.00405130
5.21000     0.00407020
5.22000     0.00408960
5.24000     0.00410700
5.27000     0.00412490
5.29000     0.00415370
5.31000     0.00417030
5.34000     0.00418800
5.35000     0.00420490
5.37000     0.00422270
5.41000     0.00424060
5.42000     0.00425940
5.44000     0.00427640
5.47000     0.00429580
5.48000     0.00431310
5.50000     0.00432990
5.54000     0.00434730
5.55000     0.00436760
5.59000     0.00438390
5.60000     0.00440130
5.62000     0.00442020
5.65000     0.00443770
5.66000     0.00445520
5.68000     0.00447260
5.72000     0.00448890
5.73000     0.00450640
5.75000     0.00452450
5.78000     0.00454270
5.80000     0.00456000
5.81000     0.00457610
5.85000     0.00459310
5.86000     0.00461090
5.90000     0.00462820
5.91000     0.00464550
5.93000     0.00466190
5.96000     0.00467990
5.97000     0.00469740
5.99000     0.00471420
6.03000     0.00473220
6.04000     0.00476030
6.06000     0.00477670
6.09000     0.00479350
6.11000     0.00481010
6.12000     0.00482780
6.16000     0.00484450
6.18000     0.00486220
6.19000     0.00487900
6.23000     0.00489560
6.24000     0.00491080
6.26000     0.00492840
6.29000     0.00494430
6.31000     0.00496180
6.34000     0.00497910
6.36000     0.00499680
6.37000     0.00501420
6.41000     0.00502910
6.42000     0.00504590
6.44000     0.00506270
6.47000     0.00508010
6.49000     0.00509660
6.51000     0.00511330
6.54000     0.00513080
6.55000     0.00514620
6.59000     0.00516350
6.60000     0.00518060
6.62000     0.00519620
6.64000     0.00521360
6.67000     0.00523150
6.69000     0.00524720
6.72000     0.00526630
6.73000     0.00528290
6.75000     0.00529950
6.78000     0.00531680
6.80000     0.00534180
6.82000     0.00535840
6.85000     0.00537530
6.87000     0.00539240
6.88000     0.00540800
6.92000     0.00542440
6.93000     0.00543890
6.97000     0.00545730
6.98000     0.00547470
7.00000     0.00549000
7.03000     0.00550780
7.05000     0.00552400
7.06000     0.00554010
7.10000     0.00555720
7.11000     0.00557330
7.12000     0.00559010
7.16000     0.00560480
7.18000     0.00562280
7.19000     0.00563920
7.23000     0.00565490
7.24000     0.00567100
7.26000     0.00568730
7.30000     0.00570490
7.31000     0.00571980
7.33000     0.00573530
7.36000     0.00575110
7.38000     0.00576850
7.41000     0.00578500
7.43000     0.00580100
7.44000     0.00581750
7.48000     0.00583350
7.49000     0.00584940
7.50000     0.00586570
7.54000     0.00588140
7.56000     0.00589630
7.58000     0.00592300
7.61000     0.00593890
7.62000     0.00595480
7.66000     0.00597060
7.67000     0.00598650
7.69000     0.00600390
7.72000     0.00601910
7.74000     0.00603450
7.75000     0.00605100
7.79000     0.00606600
7.81000     0.00608070
7.82000     0.00609740
7.85000     0.00611070
7.87000     0.00612700
7.88000     0.00614390
7.92000     0.00615910
7.93000     0.00617590
7.95000     0.00619160
7.99000     0.00620820
8.00000     0.00622400
8.03000     0.00623850
8.05000     0.00625280
8.07000     0.00626990
8.10000     0.00628600
8.12000     0.00630400
8.13000     0.00631800
8.16000     0.00633370
8.18000     0.00634840
8.19000     0.00636450
8.23000     0.00638020
8.24000     0.00639580
8.26000     0.00641200
8.29000     0.00642790
8.31000     0.00644570
8.32000     0.00646720
8.36000     0.00648300
8.37000     0.00649870
8.39000     0.00651200
8.43000     0.00652790
8.44000     0.00654450
8.48000     0.00655990
8.49000     0.00657630
8.51000     0.00659030
8.54000     0.00660430
8.56000     0.00661950
8.57000     0.00663640
8.61000     0.00665130
8.62000     0.00666560
8.64000     0.00668190
8.67000     0.00669620
8.69000     0.00671420
8.71000     0.00672830
8.74000     0.00674300
8.76000     0.00675930
8.79000     0.00677380
8.80000     0.00678830
8.82000     0.00680300
8.83000     0.00681830
8.88000     0.00683440
8.89000     0.00684950
8.92000     0.00686540
8.94000     0.00687860
8.95000     0.00689400
8.98000     0.00690800
9.00000     0.00692480
9.02000     0.00694050
9.05000     0.00695620
9.07000     0.00697020
9.09000     0.00698490
9.12000     0.00700800
9.13000     0.00702250
9.15000     0.00703700
9.18000     0.00705270
9.20000     0.00706900
9.23000     0.00708420
9.25000     0.00709740
9.26000     0.00711160
9.30000     0.00712660
9.31000     0.00714180
9.33000     0.00715580
9.36000     0.00716960
9.38000     0.00718450
9.40000     0.00719880
9.43000     0.00721470
9.45000     0.00722900
9.48000     0.00724480
9.49000     0.00725740
9.51000     0.00727330
9.54000     0.00728900
9.56000     0.00730280
9.58000     0.00731660
9.61000     0.00733430
9.62000     0.00734600
9.64000     0.00736240
9.67000     0.00737570
9.69000     0.00739230
9.70000     0.00740640
9.74000     0.00742080
9.76000     0.00743560
9.79000     0.00745010
9.81000     0.00746410
9.82000     0.00748050
9.84000     0.00749400
9.87000     0.00751580
9.89000     0.00753070
9.92000     0.00754480
9.93000     0.00755940
9.95000     0.00757320
9.93000     0.00758890
10.0000     0.00760180
10.0200     0.00761770
10.0500     0.00763140
10.0700     0.00764780
10.0800     0.00766020
10.1200     0.00767520
10.1400     0.00768960
10.1700     0.00770350
10.1800     0.00771890
10.2000     0.00773390
10.2300     0.00774770
10.2500     0.00776370
10.2700     0.00777680
10.3000     0.00779130
10.3200     0.00780560
10.3300     0.00781920
10.3600     0.00783200
10.3800     0.00784720
10.4000     0.00786190
10.4300     0.00787590
10.4400     0.00789000
10.4600     0.00790490
10.4900     0.00791810
10.5100     0.00793180
10.5300     0.00794750
10.5600     0.00796130
10.5800     0.00797630
10.6100     0.00799080
10.6200     0.00801220
10.6400     0.00802580
10.6800     0.00804010
10.6900     0.00805320
10.7100     0.00806770
10.7400     0.00808360
10.7600     0.00809690
10.7800     0.00811090
10.8100     0.00812400
10.8200     0.00814040
10.8400     0.00815440
10.8700     0.00816790
10.8800     0.00817870
10.9000     0.00819570
10.9400     0.00820760
10.9500     0.00822190
10.9900     0.00823460
11.0100     0.00824900
11.0200     0.00826230
11.0600     0.00827570
11.0700     0.00828930
11.0800     0.00830440
11.1200     0.00831840
11.1300     0.00833340
11.1700     0.00834630
11.1900     0.00836050
11.2000     0.00837290
11.2200     0.00838740
11.2500     0.00840170
11.2600     0.00841610
11.3000     0.00842900
11.3200     0.00844230
11.3300     0.00845850
11.3600     0.00847090
11.3800     0.00848580
11.3900     0.00850620
11.4300     0.00851900
11.4500     0.00853170
11.4600     0.00854680
11.5000     0.00855950
11.5100     0.00857400
11.5300     0.00858630
11.5600     0.00860080
11.5700     0.00861530
11.6100     0.00862910
11.6300     0.00864270
11.6500     0.00865690
11.6800     0.00867050
11.6900     0.00868430
11.7100     0.00869710
11.7400     0.00871160
11.7600     0.00872520
11.7700     0.00873810
11.8100     0.00875370
11.8300     0.00876700
11.8400     0.00877990
11.8700     0.00879390
11.8800     0.00880350
11.9100     0.00881630
11.9400     0.00883010
11.9500     0.00884270
11.9800     0.00885560
12.0000     0.00886940
12.0200     0.00888410
12.0600     0.00889700
12.0700     0.00891200
12.0900     0.00892620
12.1200     0.00894070
12.1400     0.00894870
12.1500     0.00896170
12.1600     0.00896220
12.1700     0.00896100
12.1700     0.00895900
12.1600     0.00895970
12.1800     0.00897430
12.1800     0.00898610
12.2200     0.00900080
12.2400     0.00901200
12.2500     0.00902580
12.2900     0.00903860
12.3000     0.00905340
12.3400     0.00906690
12.3600     0.00908030
12.3600     0.00909260
12.4000     0.00910690
12.4200     0.00912120
12.4300     0.00913210
12.4700     0.00914520
12.4800     0.00915970
12.5000     0.00917420
12.5300     0.00918920
12.5500     0.00920320
12.5700     0.00921530
12.6000     0.00923060
12.6100     0.00924510
12.6300     0.00925890
12.6600     0.00927050
12.6800     0.00928570
12.7100     0.00930050
12.7200     0.00931280
12.7500     0.00932520
12.7800     0.00933790
12.8000     0.00935170
12.8100     0.00935680
12.8500     0.00937850
12.8600     0.00939160
12.8900     0.00940590
12.9100     0.00941570
12.9300     0.00942990
12.9400     0.00944090
12.9700     0.00945800
12.9900     0.00947090
13.0200     0.00948350
13.0300     0.00949660
13.0600     0.00950940
13.0900     0.00952390
13.1100     0.00953750
13.1200     0.00955130
13.1600     0.00956250
13.1700     0.00957600
13.1900     0.00958800
13.2200     0.00960310
13.2300     0.00961690
13.2500     0.00963070
13.2900     0.00964590
13.3000     0.00965880
13.3200     0.00967300
13.3600     0.00968870
13.3700     0.00970250
13.3800     0.00971700
13.4200     0.00973060
13.4400     0.00973880
13.4700     0.00975130
13.4800     0.00976560
13.5000     0.00978040
13.5300     0.00979490
13.5500     0.00980700
13.5600     0.00982030
13.6000     0.00984300
13.6200     0.00985650
13.6300     0.00987100
13.6600     0.00988370
13.6800     0.00989790
13.7000     0.00991200
13.7300     0.00992430
13.7500     0.00994000
13.7700     0.00995240
13.8000     0.00996620
13.8100     0.00998110
13.8500     0.00999100
13.8600     0.0100043
13.8800     0.0100193
13.9100     0.0100356
13.9300     0.0100496
13.9400     0.0100653
13.9800     0.0100782
14.0000     0.0100901
14.0100     0.0101039
14.0500     0.0101174
14.0600     0.0101307
14.0900     0.0101445
14.1000     0.0101585
14.1300     0.0101716
14.1600     0.0101843
14.1800     0.0101983
14.1900     0.0102133
14.2200     0.0102264
14.2400     0.0102366
14.2600     0.0102513
14.2900     0.0102652
14.3000     0.0102770
14.3200     0.0102972
14.3500     0.0103119
14.3800     0.0103278
14.3900     0.0103397
14.4200     0.0103400
14.4400     0.0103542
14.4700     0.0103675
14.4800     0.0103790
14.5000     0.0103932
14.5400     0.0104101
14.5600     0.0104229
14.5700     0.0104349
14.6000     0.0104480
14.6200     0.0104594
14.6400     0.0104704
14.6700     0.0104853
14.6800     0.0104968
14.6900     0.0105113
14.7300     0.0105248
14.7400     0.0105372
14.7700     0.0105491
14.8000     0.0105637
14.8100     0.0105767
14.8500     0.0105915
14.8700     0.0106029
14.8800     0.0106193
14.9100     0.0106296
14.9300     0.0106410
14.9500     0.0106553
14.9800     0.0106676
14.9900     0.0106812
0.000000     0.000000
