10.1200     0.000113300
10.1200     0.000113800
10.1200     0.000113800
10.1300     0.000114200
10.1700     0.000114200
10.1800     0.000114700
10.2000     0.000115400
10.2300     0.000115400
10.2500     0.000116100
10.2600     0.000115900
10.2900     0.000117500
10.3200     0.000118700
10.3400     0.000119100
10.3700     0.000119800
10.3800     0.000120100
10.4000     0.000121900
10.4300     0.000121200
10.4500     0.000122000
10.4700     0.000123300
10.5000     0.000123100
10.5200     0.000122700
10.5300     0.000124000
10.5700     0.000124000
10.5900     0.000124800
10.6200     0.000126200
10.6400     0.000126400
10.6500     0.000126400
10.6800     0.000127600
10.7100     0.000127300
10.7100     0.000128500
10.7500     0.000128200
10.7700     0.000129900
10.7900     0.000129900
10.8200     0.000130200
10.8300     0.000132000
10.8500     0.000131100
10.8800     0.000132900
10.9000     0.000133200
10.9200     0.000133600
10.9500     0.000135100
10.9700     0.000134400
11.0000     0.000135000
11.0100     0.000136000
11.0300     0.000136700
11.0700     0.000138100
11.0800     0.000138500
11.1000     0.000139300
11.1300     0.000139000
11.1500     0.000140900
11.1700     0.000139900
11.2000     0.000141400
11.2200     0.000142000
11.2400     0.000142300
11.2700     0.000144600
11.2800     0.000143700
11.3200     0.000144900
11.3300     0.000144200
11.3500     0.000145800
11.3700     0.000146500
11.4000     0.000147900
11.4200     0.000147200
11.4500     0.000147700
11.4700     0.000149500
11.4800     0.000150000
11.5200     0.000150700
11.5400     0.000151000
11.5500     0.000152800
11.5800     0.000153100
11.6000     0.000153500
11.6300     0.000154700
11.6500     0.000155600
11.6700     0.000155800
11.6800     0.000156500
11.7200     0.000157700
11.7300     0.000158200
11.7600     0.000160500
11.7800     0.000161000
11.7900     0.000160700
11.8300     0.000162400
11.8500     0.000163500
11.8600     0.000164300
11.9000     0.000165400
11.9200     0.000166300
11.9400     0.000166400
11.9700     0.000168500
11.9800     0.000168700
12.0000     0.000169700
12.0300     0.000169400
12.0500     0.000170100
12.0800     0.000171700
12.1000     0.000172700
12.1100     0.000173900
12.1500     0.000175900
12.1700     0.000176600
12.1800     0.000176700
12.2200     0.000179000
12.2300     0.000180600
12.2500     0.000181100
12.2800     0.000181800
12.3000     0.000182000
12.3100     0.000185300
12.3600     0.000185000
12.3600     0.000185800
12.3800     0.000187000
12.4200     0.000188800
12.4300     0.000189800
12.4500     0.000191400
12.4800     0.000192600
12.5000     0.000194200
12.5300     0.000195300
12.5500     0.000197000
12.5600     0.000197900
12.6000     0.000199800
12.6200     0.000200900
12.6300     0.000203100
12.6600     0.000202800
12.6800     0.000204700
12.7200     0.000205900
12.7300     0.000207300
12.7400     0.000209400
12.7600     0.000211500
12.8000     0.000212600
12.8100     0.000212000
12.8500     0.000215200
12.8700     0.000217500
12.8800     0.000218300
12.9100     0.000219600
12.9400     0.000221000
12.9400     0.000223000
12.9800     0.000224100
13.0000     0.000226400
13.0100     0.000227200
13.0500     0.000229500
13.0700     0.000231300
13.0800     0.000234200
13.1200     0.000235600
13.1300     0.000237000
13.1600     0.000238300
13.1800     0.000239800
13.2000     0.000242400
13.2200     0.000244400
13.2500     0.000245800
13.2700     0.000247300
13.3000     0.000249100
13.3200     0.000251000
13.3300     0.000253300
13.3600     0.000255200
13.3800     0.000256800
13.4100     0.000258500
13.4200     0.000261700
13.4500     0.000263200
13.4600     0.000265300
13.5000     0.000267800
13.5100     0.000269000
13.5500     0.000271100
13.5600     0.000273400
13.5800     0.000275800
13.6100     0.000278500
13.6300     0.000279700
13.6400     0.000282500
13.6800     0.000283900
13.7000     0.000286500
13.7100     0.000288200
13.7500     0.000291400
13.7600     0.000294000
13.7800     0.000296800
13.8100     0.000298700
13.8300     0.000301300
13.8500     0.000303600
13.8800     0.000306200
13.8900     0.000309000
13.9300     0.000310400
13.9400     0.000313100
13.9600     0.000316000
14.0000     0.000317900
14.0100     0.000320700
14.0300     0.000324200
14.0600     0.000325800
14.0700     0.000329100
14.1000     0.000332100
14.1300     0.000335100
14.1400     0.000338000
14.1600     0.000339800
14.2000     0.000343100
14.2100     0.000346400
14.2400     0.000348700
14.2600     0.000351500
14.2800     0.000354100
14.2900     0.000358500
14.3300     0.000360900
14.3400     0.000363900
14.3800     0.000367900
14.3900     0.000370200
14.4100     0.000374600
14.4500     0.000375800
14.4700     0.000381600
14.4700     0.000385600
14.5100     0.000387900
14.5300     0.000391900
14.5600     0.000395500
14.5800     0.000400300
14.5900     0.000403100
14.6100     0.000407400
14.6400     0.000409700
14.6600     0.000414900
14.6900     0.000417900
14.7100     0.000422500
14.7200     0.000426100
14.7600     0.000430500
14.7800     0.000434000
14.7900     0.000439200
14.8300     0.000443800
14.8500     0.000448000
14.8500     0.000453000
14.8900     0.000457800
14.9100     0.000463000
14.9300     0.000468600
14.9600     0.000473300
14.9700     0.000479400
14.9900     0.000485700
15.0300     0.000493400
15.0500     0.000499700
15.0800     0.00120590
15.0900     0.00121690
15.1100     0.00122990
15.1500     0.00125030
15.1600     0.00126740
15.1800     0.00175190
15.2100     0.00205000
15.2300     0.00205560
15.2400     0.00206800
15.2800     0.00208190
15.2900     0.00209650
15.3100     0.00211160
15.3400     0.00212610
15.3600     0.00213970
15.3900     0.00215460
15.4100     0.00217540
15.4200     0.00218580
15.4600     0.00219700
15.4800     0.00221120
15.4900     0.00222450
15.5200     0.00223760
15.5500     0.00225000
15.5500     0.00226340
15.5900     0.00227600
15.6100     0.00228810
15.6200     0.00229940
15.6600     0.00231290
15.6700     0.00232460
15.6900     0.00233650
15.7200     0.00234850
15.7400     0.00236060
15.7800     0.00237200
15.7900     0.00238370
15.8100     0.00239490
15.8300     0.00241250
15.8600     0.00242350
15.8700     0.00243420
15.9100     0.00244520
15.9200     0.00245730
15.9400     0.00247350
15.9800     0.00248260
15.9900     0.00249120
16.0100     0.00250010
16.0400     0.00251110
16.0600     0.00252170
16.0900     0.00253310
16.1000     0.00254410
16.1200     0.00255810
16.1600     0.00256670
16.1800     0.00257840
16.1900     0.00258750
16.2200     0.00259710
16.2400     0.00260700
16.2600     0.00261700
16.2900     0.00262660
16.3100     0.00263670
16.3200     0.00264670
16.3600     0.00265540
16.3700     0.00266610
16.4100     0.00267520
16.4200     0.00268360
16.4400     0.00269340
16.4600     0.00270210
16.4900     0.00271150
16.5000     0.00272380
16.5400     0.00273640
16.5500     0.00274470
16.5800     0.00275280
16.6100     0.00276200
16.6200     0.00277010
16.6500     0.00278130
16.6700     0.00279400
16.6900     0.00280120
16.7100     0.00281110
16.7400     0.00282040
16.7600     0.00283120
16.7300     0.00283860
16.8000     0.00284870
16.8200     0.00285800
16.8400     0.00286830
16.8700     0.00287900
16.8900     0.00288930
16.9200     0.00289750
16.9400     0.00290870
16.9600     0.00291810
16.9900     0.00292820
17.0100     0.00293720
17.0200     0.00294850
17.0600     0.00295740
17.0700     0.00296620
17.0900     0.00297630
17.1200     0.00298590
17.1400     0.00299610
17.1500     0.00300570
17.1900     0.00301530
17.2000     0.00302370
17.2400     0.00303330
17.2600     0.00304850
17.2700     0.00305790
17.3100     0.00306930
17.3200     0.00307800
17.3400     0.00308780
17.3700     0.00309860
17.3900     0.00310830
17.4100     0.00311890
17.4500     0.00312830
17.4600     0.00314130
17.4700     0.00315020
17.5100     0.00316100
17.5200     0.00317170
17.5400     0.00318200
17.5700     0.00319270
17.5900     0.00320380
17.6000     0.00321430
17.6400     0.00322410
17.6600     0.00323500
17.6900     0.00324610
17.7000     0.00325580
17.7100     0.00326690
17.7500     0.00327690
17.7700     0.00328790
17.7900     0.00329860
17.8200     0.00330920
17.8400     0.00332110
17.8700     0.00336940
17.8900     0.00337650
17.9000     0.00337370
17.9400     0.00337250
17.9500     0.00337690
17.9700     0.00338680
18.0000     0.00339630
18.0300     0.00340710
18.0400     0.00341780
18.0700     0.00342890
18.0900     0.00343980
18.1000     0.00345150
18.1400     0.00346290
18.1600     0.00347420
18.1700     0.00348560
18.2100     0.00349760
18.2200     0.00350970
18.2400     0.00352030
18.2700     0.00353240
18.2900     0.00354450
18.3000     0.00355600
18.3400     0.00356880
18.3500     0.00357990
18.3900     0.00359270
18.4100     0.00360480
18.4200     0.00424670
18.4600     0.00424630
18.4700     0.00422310
18.4900     0.00420540
18.5200     0.00417470
18.5400     0.00414990
18.5500     0.00413780
18.5800     0.00411730
18.6000     0.00409290
18.6100     0.00407510
18.6500     0.00403500
18.6700     0.00392530
18.6800     0.00382570
18.7200     0.00374540
18.7400     0.00370070
18.7700     0.00366780
18.7900     0.00366400
18.8100     0.00366580
18.8400     0.00367620
18.8500     0.00369320
18.8800     0.00371280
18.9100     0.00375800
18.9200     0.00377870
18.9300     0.00379930
18.9700     0.00383600
18.9900     0.00384770
19.0200     0.00389260
19.0400     0.00390470
19.0500     0.00393160
19.0900     0.00394660
19.1100     0.00397140
19.1300     0.00398890
19.1600     0.00400830
19.1700     0.00402720
19.1900     0.00404730
19.2200     0.00415890
19.2400     0.00413170
19.2500     0.00408060
19.2900     0.00409850
19.3100     0.00412280
19.3100     0.00414320
19.3600     0.00417170
19.3600     0.00418670
19.3900     0.00420470
19.4200     0.00422130
19.4400     0.00423600
19.4700     0.00424910
0.000000     0.00426750
19.5000     0.00428200
19.5400     0.00429600
19.5600     0.00431010
19.5700     0.00432270
19.6100     0.00434160
19.6300     0.00435310
19.6400     0.00436730
19.6700     0.00437950
19.6900     0.00439210
19.7100     0.00440760
19.7400     0.00442460
19.7500     0.00442130
19.7800     0.00442600
19.8000     0.00443700
19.8200     0.00444890
19.8600     0.00445830
19.8700     0.00446910
19.8900     0.00447840
19.9200     0.00448730
19.9400     0.00449760
19.9500     0.00450850
19.9900     0.00454270
20.0000     0.00454450
20.0200     0.00454450
20.0600     0.00454810
20.0700     0.00455620
20.0900     0.00456700
20.1200     0.00457630
20.1400     0.00458590
20.1800     0.00459520
20.1900     0.00460460
20.2100     0.00461400
20.2400     0.00462220
20.2600     0.00463060
20.2700     0.00464150
20.3100     0.00464990
20.3200     0.00465930
20.3400     0.00466840
20.3800     0.00467830
20.4000     0.00468590
20.4200     0.00469550
20.4400     0.00470390
20.4600     0.00471280
20.4900     0.00472340
20.5100     0.00474440
20.5300     0.00474690
20.5600     0.00475050
20.5700     0.00475590
20.5900     0.00476420
20.6100     0.00477240
20.6500     0.00478230
20.6600     0.00479070
20.6900     0.00479880
20.7200     0.00480800
20.7300     0.00481590
20.7600     0.00482370
20.7800     0.00483300
20.7900     0.00484520
20.8300     0.00485280
20.8500     0.00486130
20.8600     0.00486940
20.9000     0.00487760
20.9100     0.00488400
20.9300     0.00489240
20.9600     0.00490120
20.9800     0.00490830
21.0100     0.00491690
21.0300     0.00492630
21.0400     0.00493300
21.0800     0.00493940
21.0900     0.00494640
21.1100     0.00495320
21.1500     0.00496220
21.1600     0.00496880
21.1800     0.00497680
21.2100     0.00498490
21.2300     0.00499290
21.2700     0.00499960
21.2800     0.00500670
21.2900     0.00501420
21.3300     0.00502120
21.3400     0.00503000
21.3600     0.00503590
21.4000     0.00504220
21.4200     0.00505010
21.4300     0.00505690
21.4700     0.00506440
21.4800     0.00507160
21.5000     0.00508150
21.5300     0.00508780
21.5400     0.00509550
21.5800     0.00510530
21.6000     0.00511210
21.6200     0.00511820
21.6500     0.00512500
21.6600     0.00513150
21.6900     0.00513660
21.7200     0.00514320
21.7300     0.00515060
21.7500     0.00515620
21.7800     0.00516210
21.8000     0.00516860
21.8200     0.00517430
21.8500     0.00518220
21.8700     0.00518850
21.8800     0.00519440
21.9200     0.00520180
21.9300     0.00520790
21.9700     0.00521350
21.9900     0.00521990
22.0000     0.00522610
22.0300     0.00523270
22.0500     0.00523810
22.0700     0.00525510
22.1000     0.00525560
22.1200     0.00525800
22.1400     0.00526380
22.1700     0.00527010
22.1900     0.00527520
22.2000     0.00528480
22.2400     0.00529190
22.2500     0.00529790
22.2600     0.00530310
22.3100     0.00530890
22.3300     0.00531520
22.3400     0.00532010
22.3800     0.00532640
22.3900     0.00533200
22.4100     0.00534040
22.4400     0.00534370
22.4600     0.00535170
22.4900     0.00535590
22.5100     0.00536170
22.5200     0.00536710
22.5600     0.00538250
22.5800     0.00538230
22.5900     0.00538630
22.6300     0.00539020
22.6400     0.00539610
22.6500     0.00540150
22.6900     0.00540680
22.7100     0.00541340
22.7400     0.00541850
22.7600     0.00542440
22.7700     0.00542980
22.7900     0.00543540
22.8300     0.00544170
22.8500     0.00544700
22.8800     0.00545310
22.9000     0.00545800
22.9200     0.00546640
22.9500     0.00547090
22.9700     0.00548540
22.9800     0.00548700
23.0200     0.00548910
23.0300     0.00549360
23.0700     0.00549830
23.0800     0.00550220
23.1000     0.00550810
23.1400     0.00551280
23.1500     0.00551950
23.1700     0.00552420
23.2100     0.00552880
23.2200     0.00553470
23.2300     0.00553940
23.2700     0.00554430
23.2900     0.00554940
23.3000     0.00555460
23.3400     0.00555900
23.3500     0.00556340
23.3900     0.00556840
23.4000     0.00557240
23.4100     0.00557750
23.4600     0.00558430
23.4700     0.00558970
23.4900     0.00559450
23.5200     0.00559950
23.5500     0.00560370
23.5600     0.00560840
23.5900     0.00561330
23.6100     0.00561880
23.6300     0.00562420
23.6600     0.00562890
23.6800     0.00563260
23.7100     0.00563660
23.7200     0.00564320
23.7400     0.00564620
23.7800     0.00565070
23.8000     0.00566610
23.8100     0.00566890
23.8500     0.00566580
23.8600     0.00566910
23.8800     0.00567260
23.9100     0.00567640
23.9300     0.00568150
23.9500     0.00568600
23.9800     0.00569020
24.0000     0.00569460
24.0100     0.00569970
24.0400     0.00570280
24.0600     0.00570740
24.1000     0.00571260
24.1100     0.00571840
24.1300     0.00572100
24.1700     0.00572480
24.1900     0.00572830
24.2000     0.00573430
24.2300     0.00573780
24.2500     0.00574270
24.2600     0.00574690
24.3000     0.00575090
24.3200     0.00575400
24.3300     0.00575910
24.3600     0.00576290
24.3800     0.00576780
24.4000     0.00577150
24.4300     0.00577530
24.4400     0.00577880
24.4800     0.00578270
24.5000     0.00578690
24.5100     0.00579090
24.5400     0.00579540
24.5600     0.00579820
24.5700     0.00580380
24.6100     0.00580770
24.6300     0.00581120
24.6400     0.00581570
24.6800     0.00581990
24.6900     0.00582310
24.7000     0.00582740
24.7400     0.00583110
24.7500     0.00583580
24.7700     0.00583860
24.8100     0.00584330
24.8200     0.00584750
24.8300     0.00585400
24.8700     0.00585640
24.8900     0.00586030
24.9200     0.00586430
24.9400     0.00586880
24.9500     0.00587230
24.9900     0.00587740
25.0100     0.00587920
25.0300     0.00588370
25.0600     0.00588700
25.0700     0.00589330
25.0900     0.00589490
25.1200     0.00589870
25.1400     0.00590240
25.1700     0.00590520
25.1900     0.00591150
25.2100     0.00591340
25.2400     0.00591710
25.2500     0.00593600
25.2700     0.00593720
25.3000     0.00593530
25.3200     0.00593280
25.3400     0.00593490
25.3700     0.00593820
25.3800     0.00594150
25.4000     0.00594400
25.4400     0.00594850
25.4500     0.00595190
25.4600     0.00595610
25.5000     0.00595920
25.5200     0.00596410
25.5300     0.00596640
25.5700     0.00596990
25.5800     0.00597370
25.6200     0.00597790
25.6300     0.00598190
25.6500     0.00598440
25.6800     0.00598700
25.7000     0.00599140
25.7100     0.00599520
25.7500     0.00599890
25.7600     0.00600290
25.7900     0.00600620
25.8100     0.00600970
25.8300     0.00601160
25.8400     0.00601510
25.8800     0.00601830
25.8900     0.00602250
25.9100     0.00602540
25.9500     0.00602700
25.9600     0.00603070
26.0000     0.00603330
26.0100     0.00603630
26.0300     0.00603980
26.0600     0.00604240
26.0800     0.00604550
26.1100     0.00604990
26.1300     0.00605250
26.1400     0.00605600
26.1700     0.00605780
26.1900     0.00606210
26.2100     0.00606440
26.2200     0.00606650
26.2600     0.00606950
26.2700     0.00607310
26.3100     0.00608170
26.3200     0.00607890
26.3400     0.00608150
26.3600     0.00608490
26.3900     0.00608730
26.4100     0.00609220
26.4400     0.00609570
26.4500     0.00611160
26.4800     0.00610970
26.5100     0.00610720
26.5200     0.00610650
26.5500     0.00610830
26.5700     0.00611110
26.5900     0.00611440
26.6200     0.00611840
26.6400     0.00612020
26.6600     0.00612330
26.6700     0.00612440
26.7100     0.00612700
26.7200     0.00613050
26.7600     0.00613360
26.7800     0.00613590
26.7900     0.00614010
26.8200     0.00614200
26.8400     0.00614640
26.8600     0.00614740
26.8900     0.00614950
26.9000     0.00615460
26.9300     0.00615580
26.9600     0.00615980
26.9700     0.00616210
26.9800     0.00616380
27.0200     0.00616720
27.0400     0.00616980
27.0700     0.00617470
27.0900     0.00617680
27.1000     0.00617820
27.1400     0.00618050
27.1600     0.00618270
27.1600     0.00618480
27.2000     0.00619110
27.2200     0.00619180
27.2300     0.00619360
27.2700     0.00619360
27.2900     0.00619740
27.3000     0.00619950
27.3400     0.00620210
27.3500     0.00620460
27.3800     0.00620700
27.4000     0.00621000
27.4200     0.00621070
27.4500     0.00621440
27.4700     0.00621590
27.4800     0.00621980
27.5100     0.00621990
27.5300     0.00622430
27.5400     0.00622550
27.5800     0.00622800
27.6000     0.00622990
27.6000     0.00623360
27.6500     0.00623590
27.6600     0.00623710
27.6800     0.00624020
27.7100     0.00624200
27.7300     0.00624480
27.7600     0.00624670
27.7800     0.00624950
27.8000     0.00625260
27.8300     0.00625250
27.8500     0.00625470
27.8600     0.00625720
27.9000     0.00625840
27.9100     0.00626100
27.9300     0.00626190
27.9600     0.00626430
27.9800     0.00626610
28.0100     0.00626800
28.0200     0.00627010
28.0500     0.00627060
28.0600     0.00627430
28.1000     0.00627520
28.1100     0.00627740
28.1400     0.00627920
28.1600     0.00628110
28.1800     0.00628220
28.2100     0.00628360
28.2300     0.00628480
28.2400     0.00628790
28.2700     0.00628930
28.2900     0.00629090
28.3100     0.00629250
28.3400     0.00629460
28.3600     0.00629630
28.3900     0.00629810
28.4100     0.00629930
28.4200     0.00629950
28.4500     0.00630280
28.4700     0.00630440
28.4900     0.00630510
28.5200     0.00630680
28.5400     0.00630940
28.5500     0.00631140
28.5900     0.00631140
28.6000     0.00631290
28.6200     0.00631480
28.6600     0.00631590
28.6600     0.00631640
28.6800     0.00631960
28.7200     0.00632170
28.7400     0.00632270
28.7700     0.00632250
28.7800     0.00632550
28.8000     0.00632590
28.8200     0.00633420
28.8600     0.00633480
28.8700     0.00633010
28.9000     0.00633090
28.9200     0.00633130
28.9300     0.00633320
28.9700     0.00633280
28.9800     0.00633460
29.0000     0.00633560
29.0300     0.00633620
29.0600     0.00633980
29.0800     0.00633980
29.1000     0.00634260
29.1100     0.00634190
29.1300     0.00634390
29.1700     0.00634540
29.1800     0.00634680
29.2100     0.00634770
29.2300     0.00635000
29.2500     0.00635120
29.2800     0.00635150
29.3000     0.00635350
29.3100     0.00635350
29.3500     0.00635430
29.3600     0.00635560
29.3800     0.00635630
29.4100     0.00635770
29.4300     0.00635770
29.4400     0.00635980
29.4700     0.00635920
29.5000     0.00636080
29.5200     0.00636200
29.5400     0.00636270
29.5500     0.00635850
29.5500     0.00635140
29.5400     0.00634530
29.5500     0.00633880
29.5500     0.00633270
29.5500     0.00632660
29.5500     0.00632200
0.000000     0.000000
