Apr 15, 2025  01:19:57 PM
Residual Gas Analyzer Software 
Software Version, 3.214.004

Analog Scan Setup:

Data Points in Scan, 401 
Units, Torr 
Noise Floor, 0 
CEM Status, OFF 
Points Per AMU, 10
Scan Start Mass, 10, amu 
Scan Stop Mass, 50, amu
Focus Voltage, 90, Volts 
Ion Energy, HIGH 
Electron Energy, 70, eV 
CEM Voltage, 1000, Volts
CEM Gain, 1.00E+006 
Sensitivity Factor, 1.56E-004 
Filament Current, 1.00, mAmps


 10.00,   3.02E-011, 
 10.10,   1.22E-011, 
 10.20,  -3.21E-012, 
 10.30,   3.66E-011, 
 10.40,   4.11E-011, 
 10.50,   4.95E-011, 
 10.60,   4.05E-011, 
 10.70,   4.24E-011, 
 10.80,   4.11E-011, 
 10.90,   8.48E-011, 
 11.00,   9.13E-011, 
 11.10,   1.09E-010, 
 11.20,   1.79E-010, 
 11.30,   3.20E-010, 
 11.40,   5.15E-010, 
 11.50,   1.26E-009, 
 11.60,   5.31E-009, 
 11.70,   2.98E-008, 
 11.80,   4.11E-008, 
 11.90,   4.79E-008, 
 12.00,   5.53E-008, 
 12.10,   5.16E-008, 
 12.20,   3.90E-008, 
 12.30,   9.05E-009, 
 12.40,   2.74E-009, 
 12.50,   2.17E-009, 
 12.60,   4.90E-009, 
 12.70,   2.49E-008, 
 12.80,   3.66E-008, 
 12.90,   4.14E-008, 
 13.00,   4.84E-008, 
 13.10,   4.63E-008, 
 13.20,   3.99E-008, 
 13.30,   1.60E-008, 
 13.40,   2.09E-008, 
 13.50,   6.09E-008, 
 13.60,   2.91E-007, 
 13.70,   8.51E-007, 
 13.80,   1.01E-006, 
 13.90,   1.14E-006, 
 14.00,   1.26E-006, 
 14.10,   1.15E-006, 
 14.20,   7.49E-007, 
 14.30,   4.84E-008, 
 14.40,   1.45E-008, 
 14.50,   2.41E-008, 
 14.60,   8.71E-008, 
 14.70,   3.26E-007, 
 14.80,   4.31E-007, 
 14.90,   4.73E-007, 
 15.00,   5.42E-007, 
 15.10,   5.01E-007, 
 15.20,   4.00E-007, 
 15.30,   5.62E-008, 
 15.40,   1.12E-008, 
 15.50,   2.26E-008, 
 15.60,   1.17E-007, 
 15.70,   3.24E-007, 
 15.80,   3.88E-007, 
 15.90,   4.22E-007, 
 16.00,   4.53E-007, 
 16.10,   4.22E-007, 
 16.20,   2.80E-007, 
 16.30,   2.65E-008, 
 16.40,   1.04E-008, 
 16.50,   2.57E-008, 
 16.60,   1.36E-007, 
 16.70,   3.62E-007, 
 16.80,   4.30E-007, 
 16.90,   4.70E-007, 
 17.00,   5.03E-007, 
 17.10,   4.68E-007, 
 17.20,   2.97E-007, 
 17.30,   2.98E-008, 
 17.40,   3.35E-008, 
 17.50,   1.02E-007, 
 17.60,   4.96E-007, 
 17.70,   1.34E-006, 
 17.80,   1.59E-006, 
 17.90,   1.71E-006, 
 18.00,   1.75E-006, 
 18.10,   1.66E-006, 
 18.20,   9.83E-007, 
 18.30,   3.75E-008, 
 18.40,   6.50E-009, 
 18.50,   3.86E-009, 
 18.60,   9.06E-009, 
 18.70,   3.21E-008, 
 18.80,   4.17E-008, 
 18.90,   4.45E-008, 
 19.00,   4.70E-008, 
 19.10,   4.54E-008, 
 19.20,   3.29E-008, 
 19.30,   7.15E-009, 
 19.40,   4.21E-009, 
 19.50,   6.09E-009, 
 19.60,   2.41E-008, 
 19.70,   4.87E-008, 
 19.80,   5.26E-008, 
 19.90,   6.00E-008, 
 20.00,   5.63E-008, 
 20.10,   5.44E-008, 
 20.20,   2.71E-008, 
 20.30,   4.48E-009, 
 20.40,   2.08E-009, 
 20.50,   1.46E-009, 
 20.60,   1.32E-009, 
 20.70,   1.31E-009, 
 20.80,   1.12E-009, 
 20.90,   1.01E-009, 
 21.00,   1.03E-009, 
 21.10,   1.03E-009, 
 21.20,   1.12E-009, 
 21.30,   9.24E-010, 
 21.40,   8.33E-010, 
 21.50,   9.02E-010, 
 21.60,   1.29E-009, 
 21.70,   2.07E-009, 
 21.80,   2.45E-009, 
 21.90,   2.71E-009, 
 22.00,   2.85E-009, 
 22.10,   2.80E-009, 
 22.20,   2.16E-009, 
 22.30,   1.01E-009, 
 22.40,   5.74E-010, 
 22.50,   3.58E-010, 
 22.60,   2.46E-010, 
 22.70,   1.65E-010, 
 22.80,   1.25E-010, 
 22.90,   1.31E-010, 
 23.00,   1.15E-010, 
 23.10,   1.71E-010, 
 23.20,   2.10E-010, 
 23.30,   1.71E-010, 
 23.40,   4.40E-010, 
 23.50,   9.77E-010, 
 23.60,   4.33E-009, 
 23.70,   1.38E-008, 
 23.80,   1.83E-008, 
 23.90,   1.99E-008, 
 24.00,   1.97E-008, 
 24.10,   1.94E-008, 
 24.20,   1.11E-008, 
 24.30,   3.45E-009, 
 24.40,   2.90E-009, 
 24.50,   5.52E-009, 
 24.60,   2.74E-008, 
 24.70,   6.24E-008, 
 24.80,   7.37E-008, 
 24.90,   8.19E-008, 
 25.00,   7.85E-008, 
 25.10,   7.94E-008, 
 25.20,   3.97E-008, 
 25.30,   1.34E-008, 
 25.40,   2.43E-008, 
 25.50,   6.16E-008, 
 25.60,   2.64E-007, 
 25.70,   5.09E-007, 
 25.80,   5.82E-007, 
 25.90,   6.44E-007, 
 26.00,   6.24E-007, 
 26.10,   6.23E-007, 
 26.20,   2.97E-007, 
 26.30,   4.96E-008, 
 26.40,   9.43E-008, 
 26.50,   2.20E-007, 
 26.60,   8.68E-007, 
 26.70,   1.96E-006, 
 26.80,   2.36E-006, 
 26.90,   2.64E-006, 
 27.00,   2.53E-006, 
 27.10,   2.55E-006, 
 27.20,   1.37E-006, 
 27.30,   4.71E-007, 
 27.40,   1.09E-006, 
 27.50,   2.58E-006, 
 27.60,   9.72E-006, 
 27.70,   2.13E-005, 
 27.80,   2.54E-005, 
 27.90,   2.86E-005, 
 28.00,   2.72E-005, 
 28.10,   2.61E-005, 
 28.20,   7.95E-006, 
 28.30,   1.66E-007, 
 28.40,   8.60E-008, 
 28.50,   1.73E-007, 
 28.60,   6.80E-007, 
 28.70,   1.49E-006, 
 28.80,   1.82E-006, 
 28.90,   2.06E-006, 
 29.00,   1.94E-006, 
 29.10,   1.82E-006, 
 29.20,   6.38E-007, 
 29.30,   2.56E-008, 
 29.40,   8.49E-009, 
 29.50,   1.21E-008, 
 29.60,   5.36E-008, 
 29.70,   1.10E-007, 
 29.80,   1.29E-007, 
 29.90,   1.46E-007, 
 30.00,   1.37E-007, 
 30.10,   1.25E-007, 
 30.20,   4.27E-008, 
 30.30,   1.40E-008, 
 30.40,   2.71E-008, 
 30.50,   7.02E-008, 
 30.60,   3.01E-007, 
 30.70,   5.43E-007, 
 30.80,   6.32E-007, 
 30.90,   7.16E-007, 
 31.00,   6.75E-007, 
 31.10,   6.03E-007, 
 31.20,   1.84E-007, 
 31.30,   1.12E-007, 
 31.40,   2.44E-007, 
 31.50,   6.55E-007, 
 31.60,   2.65E-006, 
 31.70,   4.09E-006, 
 31.80,   4.59E-006, 
 31.90,   4.96E-006, 
 32.00,   4.66E-006, 
 32.10,   3.44E-006, 
 32.20,   4.20E-007, 
 32.30,   1.63E-008, 
 32.40,   5.88E-009, 
 32.50,   3.61E-009, 
 32.60,   4.43E-009, 
 32.70,   7.27E-009, 
 32.80,   8.89E-009, 
 32.90,   1.01E-008, 
 33.00,   9.87E-009, 
 33.10,   9.25E-009, 
 33.20,   4.91E-009, 
 33.30,   2.09E-009, 
 33.40,   1.54E-009, 
 33.50,   2.06E-009, 
 33.60,   7.06E-009, 
 33.70,   1.50E-008, 
 33.80,   1.81E-008, 
 33.90,   2.02E-008, 
 34.00,   1.93E-008, 
 34.10,   1.52E-008, 
 34.20,   5.06E-009, 
 34.30,   1.46E-009, 
 34.40,   6.05E-010, 
 34.50,   2.55E-010, 
 34.60,   7.65E-011, 
 34.70,   1.02E-010, 
 34.80,   8.55E-011, 
 34.90,   2.89E-011, 
 35.00,   5.14E-012, 
 35.10,  -2.70E-011, 
 35.20,   1.03E-011, 
 35.30,   3.66E-011, 
 35.40,   2.01E-010, 
 35.50,   6.18E-010, 
 35.60,   2.12E-009, 
 35.70,   4.35E-009, 
 35.80,   5.92E-009, 
 35.90,   6.92E-009, 
 36.00,   7.02E-009, 
 36.10,   5.80E-009, 
 36.20,   2.88E-009, 
 36.30,   1.93E-009, 
 36.40,   2.38E-009, 
 36.50,   5.03E-009, 
 36.60,   2.30E-008, 
 36.70,   3.97E-008, 
 36.80,   4.59E-008, 
 36.90,   5.09E-008, 
 37.00,   4.99E-008, 
 37.10,   4.15E-008, 
 37.20,   1.56E-008, 
 37.30,   8.98E-009, 
 37.40,   1.27E-008, 
 37.50,   2.39E-008, 
 37.60,   8.01E-008, 
 37.70,   1.30E-007, 
 37.80,   1.56E-007, 
 37.90,   1.78E-007, 
 38.00,   1.80E-007, 
 38.10,   1.48E-007, 
 38.20,   6.17E-008, 
 38.30,   7.04E-008, 
 38.40,   1.40E-007, 
 38.50,   2.73E-007, 
 38.60,   1.03E-006, 
 38.70,   1.85E-006, 
 38.80,   2.17E-006, 
 38.90,   2.48E-006, 
 39.00,   2.44E-006, 
 39.10,   1.95E-006, 
 39.20,   4.33E-007, 
 39.30,   5.44E-008, 
 39.40,   8.32E-008, 
 39.50,   2.06E-007, 
 39.60,   5.90E-007, 
 39.70,   8.90E-007, 
 39.80,   1.06E-006, 
 39.90,   1.16E-006, 
 40.00,   1.13E-006, 
 40.10,   7.89E-007, 
 40.20,   2.34E-007, 
 40.30,   1.72E-007, 
 40.40,   3.23E-007, 
 40.50,   6.50E-007, 
 40.60,   2.38E-006, 
 40.70,   5.08E-006, 
 40.80,   6.11E-006, 
 40.90,   7.15E-006, 
 41.00,   7.01E-006, 
 41.10,   6.02E-006, 
 41.20,   1.49E-006, 
 41.30,   9.96E-008, 
 41.40,   1.44E-007, 
 41.50,   2.94E-007, 
 41.60,   1.14E-006, 
 41.70,   2.52E-006, 
 41.80,   3.04E-006, 
 41.90,   3.50E-006, 
 42.00,   3.43E-006, 
 42.10,   2.92E-006, 
 42.20,   7.48E-007, 
 42.30,   5.13E-008, 
 42.40,   6.97E-008, 
 42.50,   1.51E-007, 
 42.60,   5.82E-007, 
 42.70,   1.22E-006, 
 42.80,   1.47E-006, 
 42.90,   1.71E-006, 
 43.00,   1.68E-006, 
 43.10,   1.47E-006, 
 43.20,   4.28E-007, 
 43.30,   2.96E-008, 
 43.40,   2.98E-008, 
 43.50,   7.45E-008, 
 43.60,   2.87E-007, 
 43.70,   4.44E-007, 
 43.80,   5.40E-007, 
 43.90,   5.80E-007, 
 44.00,   5.68E-007, 
 44.10,   3.47E-007, 
 44.20,   6.39E-008, 
 44.30,   1.01E-008, 
 44.40,   1.21E-008, 
 44.50,   2.59E-008, 
 44.60,   1.14E-007, 
 44.70,   2.14E-007, 
 44.80,   2.56E-007, 
 44.90,   2.86E-007, 
 45.00,   2.82E-007, 
 45.10,   2.10E-007, 
 45.20,   4.86E-008, 
 45.30,   6.69E-009, 
 45.40,   5.57E-009, 
 45.50,   9.71E-009, 
 45.60,   3.60E-008, 
 45.70,   9.12E-008, 
 45.80,   1.12E-007, 
 45.90,   1.31E-007, 
 46.00,   1.28E-007, 
 46.10,   1.08E-007, 
 46.20,   3.41E-008, 
 46.30,   4.84E-009, 
 46.40,   1.81E-009, 
 46.50,   1.27E-009, 
 46.60,   1.69E-009, 
 46.70,   4.26E-009, 
 46.80,   6.72E-009, 
 46.90,   8.71E-009, 
 47.00,   9.00E-009, 
 47.10,   8.39E-009, 
 47.20,   4.46E-009, 
 47.30,   1.71E-009, 
 47.40,   7.99E-010, 
 47.50,   4.85E-010, 
 47.60,   6.07E-010, 
 47.70,   8.78E-010, 
 47.80,   1.18E-009, 
 47.90,   1.47E-009, 
 48.00,   1.63E-009, 
 48.10,   1.50E-009, 
 48.20,   1.01E-009, 
 48.30,   6.87E-010, 
 48.40,   6.85E-010, 
 48.50,   9.79E-010, 
 48.60,   2.87E-009, 
 48.70,   6.94E-009, 
 48.80,   9.94E-009, 
 48.90,   1.20E-008, 
 49.00,   1.25E-008, 
 49.10,   1.04E-008, 
 49.20,   5.54E-009, 
 49.30,   4.30E-009, 
 49.40,   6.24E-009, 
 49.50,   1.33E-008, 
 49.60,   5.50E-008, 
 49.70,   9.59E-008, 
 49.80,   1.19E-007, 
 49.90,   1.31E-007, 
 50.00,   1.34E-007, 
