Apr 15, 2025  10:39:19 AM
Residual Gas Analyzer Software 
Software Version, 3.214.004

Analog Scan Setup:

Data Points in Scan, 601 
Units, Torr 
Noise Floor, 0 
CEM Status, OFF 
Points Per AMU, 10
Scan Start Mass, 30, amu 
Scan Stop Mass, 90, amu
Focus Voltage, 90, Volts 
Ion Energy, HIGH 
Electron Energy, 70, eV 
CEM Voltage, 1000, Volts
CEM Gain, 1.00E+006 
Sensitivity Factor, 1.56E-004 
Filament Current, 1.00, mAmps


 30.00,   5.73E-008, 
 30.10,   4.86E-008, 
 30.20,   2.66E-008, 
 30.30,   4.65E-009, 
 30.40,   1.52E-009, 
 30.50,   7.31E-010, 
 30.60,   4.96E-010, 
 30.70,   5.48E-010, 
 30.80,   6.81E-010, 
 30.90,   8.57E-010, 
 31.00,   9.83E-010, 
 31.10,   1.06E-009, 
 31.20,   1.10E-009, 
 31.30,   1.05E-009, 
 31.40,   1.53E-009, 
 31.50,   3.17E-009, 
 31.60,   1.67E-008, 
 31.70,   4.68E-008, 
 31.80,   6.17E-008, 
 31.90,   6.44E-008, 
 32.00,   6.35E-008, 
 32.10,   5.21E-008, 
 32.20,   2.62E-008, 
 32.30,   4.40E-009, 
 32.40,   1.49E-009, 
 32.50,   7.44E-010, 
 32.60,   4.34E-010, 
 32.70,   2.44E-010, 
 32.80,   1.18E-010, 
 32.90,   9.45E-011, 
 33.00,   6.62E-011, 
 33.10,   8.35E-011, 
 33.20,   5.21E-011, 
 33.30,   5.91E-011, 
 33.40,  -1.80E-011, 
 33.50,  -1.22E-011, 
 33.60,   6.43E-012, 
 33.70,   5.59E-011, 
 33.80,   1.32E-010, 
 33.90,   2.04E-010, 
 34.00,   2.80E-010, 
 34.10,   2.31E-010, 
 34.20,   1.60E-010, 
 34.30,   9.06E-011, 
 34.40,   2.25E-011, 
 34.50,   3.08E-011, 
 34.60,   5.53E-011, 
 34.70,   2.83E-011, 
 34.80,   3.60E-011, 
 34.90,   7.97E-011, 
 35.00,   5.08E-011, 
 35.10,   3.60E-011, 
 35.20,   2.31E-011, 
 35.30,  -2.51E-011, 
 35.40,  -7.71E-012, 
 35.50,  -3.92E-011, 
 35.60,   2.89E-011, 
 35.70,   1.87E-010, 
 35.80,   4.06E-010, 
 35.90,   5.18E-010, 
 36.00,   5.93E-010, 
 36.10,   5.99E-010, 
 36.20,   4.63E-010, 
 36.30,   2.11E-010, 
 36.40,   7.20E-011, 
 36.50,   3.98E-011, 
 36.60,   2.70E-011, 
 36.70,   5.14E-011, 
 36.80,   5.53E-011, 
 36.90,   9.51E-011, 
 37.00,   1.21E-010, 
 37.10,   9.51E-011, 
 37.20,   8.87E-011, 
 37.30,   7.52E-011, 
 37.40,   2.83E-011, 
 37.50,   1.03E-011, 
 37.60,   8.16E-011, 
 37.70,   1.99E-010, 
 37.80,   3.10E-010, 
 37.90,   3.90E-010, 
 38.00,   4.43E-010, 
 38.10,   4.73E-010, 
 38.20,   3.84E-010, 
 38.30,   1.66E-010, 
 38.40,   9.25E-011, 
 38.50,   6.68E-011, 
 38.60,   9.70E-011, 
 38.70,   3.23E-010, 
 38.80,   6.31E-010, 
 38.90,   8.61E-010, 
 39.00,   1.08E-009, 
 39.10,   1.20E-009, 
 39.20,   1.03E-009, 
 39.30,   6.69E-010, 
 39.40,   5.04E-010, 
 39.50,   5.80E-010, 
 39.60,   1.63E-009, 
 39.70,   4.62E-009, 
 39.80,   7.55E-009, 
 39.90,   8.66E-009, 
 40.00,   9.03E-009, 
 40.10,   7.66E-009, 
 40.20,   3.99E-009, 
 40.30,   1.52E-009, 
 40.40,   7.63E-010, 
 40.50,   4.57E-010, 
 40.60,   4.37E-010, 
 40.70,   9.51E-010, 
 40.80,   1.76E-009, 
 40.90,   2.45E-009, 
 41.00,   2.87E-009, 
 41.10,   3.01E-009, 
 41.20,   2.62E-009, 
 41.30,   1.70E-009, 
 41.40,   1.22E-009, 
 41.50,   1.14E-009, 
 41.60,   1.61E-009, 
 41.70,   2.79E-009, 
 41.80,   4.09E-009, 
 41.90,   4.99E-009, 
 42.00,   5.34E-009, 
 42.10,   4.79E-009, 
 42.20,   2.87E-009, 
 42.30,   1.26E-009, 
 42.40,   6.39E-010, 
 42.50,   4.11E-010, 
 42.60,   5.17E-010, 
 42.70,   1.28E-009, 
 42.80,   2.31E-009, 
 42.90,   3.08E-009, 
 43.00,   3.67E-009, 
 43.10,   3.91E-009, 
 43.20,   3.14E-009, 
 43.30,   2.10E-009, 
 43.40,   2.03E-009, 
 43.50,   3.10E-009, 
 43.60,   1.13E-008, 
 43.70,   3.83E-008, 
 43.80,   5.27E-008, 
 43.90,   5.64E-008, 
 44.00,   5.99E-008, 
 44.10,   5.16E-008, 
 44.20,   2.30E-008, 
 44.30,   4.34E-009, 
 44.40,   1.50E-009, 
 44.50,   7.28E-010, 
 44.60,   4.49E-010, 
 44.70,   4.30E-010, 
 44.80,   5.59E-010, 
 44.90,   7.38E-010, 
 45.00,   8.57E-010, 
 45.10,   9.30E-010, 
 45.20,   7.42E-010, 
 45.30,   4.40E-010, 
 45.40,   1.68E-010, 
 45.50,   9.25E-011, 
 45.60,   4.95E-011, 
 45.70,   6.88E-011, 
 45.80,   1.61E-010, 
 45.90,   2.85E-010, 
 46.00,   3.34E-010, 
 46.10,   2.86E-010, 
 46.20,   2.42E-010, 
 46.30,   1.45E-010, 
 46.40,   7.78E-011, 
 46.50,   9.58E-011, 
 46.60,   5.78E-011, 
 46.70,   7.71E-012, 
 46.80,   0.00E+000, 
 46.90,   7.07E-012, 
 47.00,   1.35E-011, 
 47.10,   4.50E-012, 
 47.20,   2.38E-011, 
 47.30,   2.70E-011, 
 47.40,  -1.41E-011, 
 47.50,  -3.15E-011, 
 47.60,  -2.76E-011, 
 47.70,  -2.76E-011, 
 47.80,  -1.99E-011, 
 47.90,   4.88E-011, 
 48.00,   7.78E-011, 
 48.10,   9.64E-011, 
 48.20,   8.68E-011, 
 48.30,   6.81E-011, 
 48.40,   1.09E-011, 
 48.50,   3.28E-011, 
 48.60,   7.71E-012, 
 48.70,  -1.16E-011, 
 48.80,   1.48E-011, 
 48.90,   2.96E-011, 
 49.00,   4.56E-011, 
 49.10,   3.02E-011, 
 49.20,   1.48E-011, 
 49.30,  -9.00E-012, 
 49.40,  -4.50E-012, 
 49.50,  -3.73E-011, 
 49.60,  -2.25E-011, 
 49.70,   5.33E-011, 
 49.80,   1.61E-010, 
 49.90,   2.38E-010, 
 50.00,   3.40E-010, 
 50.10,   3.49E-010, 
 50.20,   2.92E-010, 
 50.30,   1.30E-010, 
 50.40,   4.76E-011, 
 50.50,   2.31E-011, 
 50.60,   4.56E-011, 
 50.70,   1.93E-011, 
 50.80,   6.30E-011, 
 50.90,   1.03E-010, 
 51.00,   1.51E-010, 
 51.10,   1.81E-010, 
 51.20,   1.57E-010, 
 51.30,   9.58E-011, 
 51.40,   6.17E-011, 
 51.50,   2.57E-012, 
 51.60,  -3.08E-011, 
 51.70,   1.93E-012, 
 51.80,   6.49E-011, 
 51.90,   9.25E-011, 
 52.00,   1.34E-010, 
 52.10,   1.45E-010, 
 52.20,   1.48E-010, 
 52.30,   1.10E-010, 
 52.40,   5.72E-011, 
 52.50,   5.66E-011, 
 52.60,   4.76E-011, 
 52.70,   4.43E-011, 
 52.80,   2.51E-011, 
 52.90,   5.01E-011, 
 53.00,   9.90E-011, 
 53.10,   1.14E-010, 
 53.20,   9.90E-011, 
 53.30,   7.01E-011, 
 53.40,   4.18E-011, 
 53.50,   1.16E-011, 
 53.60,   1.93E-012, 
 53.70,   1.74E-011, 
 53.80,   3.02E-011, 
 53.90,   7.97E-011, 
 54.00,   1.39E-010, 
 54.10,   1.54E-010, 
 54.20,   1.41E-010, 
 54.30,   9.45E-011, 
 54.40,   1.74E-011, 
 54.50,   2.76E-011, 
 54.60,   3.15E-011, 
 54.70,   5.33E-011, 
 54.80,   1.26E-010, 
 54.90,   3.39E-010, 
 55.00,   3.84E-010, 
 55.10,   4.36E-010, 
 55.20,   4.07E-010, 
 55.30,   2.37E-010, 
 55.40,   9.00E-011, 
 55.50,   3.73E-011, 
 55.60,   5.59E-011, 
 55.70,   7.71E-011, 
 55.80,   2.63E-010, 
 55.90,   5.28E-010, 
 56.00,   7.22E-010, 
 56.10,   8.33E-010, 
 56.20,   8.44E-010, 
 56.30,   6.00E-010, 
 56.40,   2.85E-010, 
 56.50,   1.45E-010, 
 56.60,   5.33E-011, 
 56.70,   3.53E-011, 
 56.80,   5.72E-011, 
 56.90,   8.87E-011, 
 57.00,   1.25E-010, 
 57.10,   1.63E-010, 
 57.20,   1.57E-010, 
 57.30,   1.19E-010, 
 57.40,   6.04E-011, 
 57.50,   4.76E-011, 
 57.60,   3.28E-011, 
 57.70,   5.46E-011, 
 57.80,   1.04E-010, 
 57.90,   1.66E-010, 
 58.00,   1.90E-010, 
 58.10,   2.35E-010, 
 58.20,   3.03E-010, 
 58.30,   1.73E-010, 
 58.40,   7.58E-011, 
 58.50,   3.15E-011, 
 58.60,   3.86E-012, 
 58.70,  -1.22E-011, 
 58.80,  -1.22E-011, 
 58.90,   1.80E-011, 
 59.00,   1.80E-011, 
 59.10,   1.93E-011, 
 59.20,   2.70E-011, 
 59.30,   1.80E-011, 
 59.40,   2.44E-011, 
 59.50,   1.93E-012, 
 59.60,  -1.93E-011, 
 59.70,  -2.51E-011, 
 59.80,  -1.29E-012, 
 59.90,  -3.21E-012, 
 60.00,   7.71E-012, 
 60.10,   3.08E-011, 
 60.20,   9.00E-012, 
 60.30,  -1.86E-011, 
 60.40,   1.41E-011, 
 60.50,   2.38E-011, 
 60.60,   9.00E-012, 
 60.70,  -2.06E-011, 
 60.80,  -7.71E-012, 
 60.90,   6.43E-012, 
 61.00,   3.86E-011, 
 61.10,   3.60E-011, 
 61.20,   3.28E-011, 
 61.30,   5.01E-011, 
 61.40,   5.78E-012, 
 61.50,  -2.63E-011, 
 61.60,   4.50E-012, 
 61.70,  -9.00E-012, 
 61.80,  -1.09E-011, 
 61.90,  -1.16E-011, 
 62.00,  -2.38E-011, 
 62.10,  -2.63E-011, 
 62.20,  -2.06E-011, 
 62.30,  -4.69E-011, 
 62.40,  -1.99E-011, 
 62.50,  -8.35E-012, 
 62.60,  -7.71E-012, 
 62.70,  -6.43E-013, 
 62.80,  -1.16E-011, 
 62.90,  -2.44E-011, 
 63.00,  -7.71E-012, 
 63.10,  -1.80E-011, 
 63.20,  -2.70E-011, 
 63.30,  -1.48E-011, 
 63.40,  -4.50E-012, 
 63.50,  -3.28E-011, 
 63.60,  -4.76E-011, 
 63.70,  -1.48E-011, 
 63.80,   3.92E-011, 
 63.90,   1.12E-010, 
 64.00,   1.51E-010, 
 64.10,   1.67E-010, 
 64.20,   1.51E-010, 
 64.30,   9.51E-011, 
 64.40,   3.60E-011, 
 64.50,  -1.09E-011, 
 64.60,  -5.27E-011, 
 64.70,  -3.98E-011, 
 64.80,  -1.03E-011, 
 64.90,   5.78E-012, 
 65.00,   1.29E-011, 
 65.10,  -5.14E-012, 
 65.20,   1.93E-012, 
 65.30,  -3.21E-012, 
 65.40,  -1.93E-012, 
 65.50,  -9.00E-012, 
 65.60,  -1.22E-011, 
 65.70,  -5.72E-011, 
 65.80,  -3.53E-011, 
 65.90,  -3.86E-012, 
 66.00,   2.12E-011, 
 66.10,   1.29E-012, 
 66.20,  -3.21E-012, 
 66.30,   3.28E-011, 
 66.40,   3.73E-011, 
 66.50,   6.43E-012, 
 66.60,  -2.76E-011, 
 66.70,  -1.67E-011, 
 66.80,   5.14E-012, 
 66.90,   6.43E-012, 
 67.00,   2.44E-011, 
 67.10,   7.07E-011, 
 67.20,   9.58E-011, 
 67.30,   4.37E-011, 
 67.40,  -3.86E-012, 
 67.50,  -1.41E-011, 
 67.60,  -4.24E-011, 
 67.70,  -3.28E-011, 
 67.80,  -2.31E-011, 
 67.90,  -1.61E-011, 
 68.00,   1.54E-011, 
 68.10,   3.79E-011, 
 68.20,   5.66E-011, 
 68.30,   2.31E-011, 
 68.40,  -4.50E-012, 
 68.50,  -2.25E-011, 
 68.60,   9.64E-012, 
 68.70,   3.98E-011, 
 68.80,   7.65E-011, 
 68.90,   1.29E-010, 
 69.00,   1.37E-010, 
 69.10,   1.46E-010, 
 69.20,   1.61E-010, 
 69.30,   1.43E-010, 
 69.40,   9.51E-011, 
 69.50,   3.86E-011, 
 69.60,   3.08E-011, 
 69.70,   3.86E-011, 
 69.80,   2.06E-011, 
 69.90,   2.63E-011, 
 70.00,   6.75E-011, 
 70.10,   4.88E-011, 
 70.20,   3.47E-011, 
 70.30,   7.07E-012, 
 70.40,  -2.44E-011, 
 70.50,  -3.08E-011, 
 70.60,  -3.47E-011, 
 70.70,  -1.86E-011, 
 70.80,  -2.63E-011, 
 70.90,  -2.25E-011, 
 71.00,  -3.08E-011, 
 71.10,  -3.60E-011, 
 71.20,  -9.64E-012, 
 71.30,  -3.66E-011, 
 71.40,  -1.99E-011, 
 71.50,  -1.54E-011, 
 71.60,  -5.78E-012, 
 71.70,   7.71E-012, 
 71.80,   1.29E-011, 
 71.90,   2.57E-012, 
 72.00,  -4.50E-012, 
 72.10,  -1.22E-011, 
 72.20,   6.43E-013, 
 72.30,  -2.76E-011, 
 72.40,   4.50E-012, 
 72.50,   2.57E-012, 
 72.60,   7.71E-012, 
 72.70,   1.22E-011, 
 72.80,   2.44E-011, 
 72.90,   2.31E-011, 
 73.00,   1.80E-011, 
 73.10,  -1.09E-011, 
 73.20,   3.21E-012, 
 73.30,   3.47E-011, 
 73.40,   1.16E-011, 
 73.50,  -1.86E-011, 
 73.60,  -1.86E-011, 
 73.70,  -1.99E-011, 
 73.80,   8.35E-012, 
 73.90,  -2.19E-011, 
 74.00,  -2.96E-011, 
 74.10,  -2.76E-011, 
 74.20,  -2.83E-011, 
 74.30,  -3.66E-011, 
 74.40,  -4.50E-011, 
 74.50,  -3.66E-011, 
 74.60,  -3.02E-011, 
 74.70,  -1.61E-011, 
 74.80,  -3.86E-011, 
 74.90,  -3.66E-011, 
 75.00,  -2.70E-011, 
 75.10,  -4.50E-012, 
 75.20,  -1.74E-011, 
 75.30,  -2.63E-011, 
 75.40,  -1.99E-011, 
 75.50,   3.08E-011, 
 75.60,   1.35E-011, 
 75.70,   7.71E-012, 
 75.80,   1.61E-011, 
 75.90,   7.71E-012, 
 76.00,  -9.00E-012, 
 76.10,   1.22E-011, 
 76.20,  -1.74E-011, 
 76.30,  -5.14E-012, 
 76.40,   1.03E-011, 
 76.50,  -2.06E-011, 
 76.60,  -1.16E-011, 
 76.70,  -2.44E-011, 
 76.80,  -2.57E-012, 
 76.90,   9.00E-012, 
 77.00,   4.50E-012, 
 77.10,   1.29E-012, 
 77.20,  -2.70E-011, 
 77.30,  -4.43E-011, 
 77.40,  -4.82E-011, 
 77.50,  -3.86E-011, 
 77.60,  -1.48E-011, 
 77.70,  -1.41E-011, 
 77.80,  -3.02E-011, 
 77.90,   1.61E-011, 
 78.00,   4.63E-011, 
 78.10,   8.93E-011, 
 78.20,   8.68E-011, 
 78.30,   4.69E-011, 
 78.40,  -5.14E-012, 
 78.50,  -1.35E-011, 
 78.60,  -2.96E-011, 
 78.70,  -3.86E-011, 
 78.80,  -5.33E-011, 
 78.90,  -4.31E-011, 
 79.00,  -1.99E-011, 
 79.10,  -1.29E-012, 
 79.20,   1.41E-011, 
 79.30,   5.78E-012, 
 79.40,  -4.37E-011, 
 79.50,   2.57E-012, 
 79.60,  -5.78E-012, 
 79.70,   7.20E-011, 
 79.80,   1.83E-010, 
 79.90,   3.57E-010, 
 80.00,   4.04E-010, 
 80.10,   3.72E-010, 
 80.20,   2.67E-010, 
 80.30,   6.88E-011, 
 80.40,   3.53E-011, 
 80.50,   1.67E-011, 
 80.60,   2.57E-012, 
 80.70,  -1.48E-011, 
 80.80,  -1.67E-011, 
 80.90,  -1.80E-011, 
 81.00,  -9.64E-012, 
 81.10,  -1.74E-011, 
 81.20,  -1.93E-011, 
 81.30,  -2.25E-011, 
 81.40,   2.19E-011, 
 81.50,   8.23E-011, 
 81.60,   2.00E-010, 
 81.70,   6.00E-010, 
 81.80,   1.22E-009, 
 81.90,   1.84E-009, 
 82.00,   2.22E-009, 
 82.10,   1.93E-009, 
 82.20,   1.25E-009, 
 82.30,   6.70E-010, 
 82.40,   3.86E-010, 
 82.50,   2.38E-010, 
 82.60,   2.56E-010, 
 82.70,   6.26E-010, 
 82.80,   1.26E-009, 
 82.90,   1.83E-009, 
 83.00,   2.29E-009, 
 83.10,   2.13E-009, 
 83.20,   1.50E-009, 
 83.30,   8.05E-010, 
 83.40,   5.54E-010, 
 83.50,   5.60E-010, 
 83.60,   9.27E-010, 
 83.70,   3.01E-009, 
 83.80,   7.19E-009, 
 83.90,   1.04E-008, 
 84.00,   1.18E-008, 
 84.10,   8.86E-009, 
 84.20,   4.64E-009, 
 84.30,   1.71E-009, 
 84.40,   8.07E-010, 
 84.50,   3.38E-010, 
 84.60,   1.52E-010, 
 84.70,   1.15E-010, 
 84.80,   7.71E-011, 
 84.90,   8.29E-011, 
 85.00,   8.48E-011, 
 85.10,   3.21E-011, 
 85.20,   4.56E-011, 
 85.30,   3.92E-011, 
 85.40,   6.23E-011, 
 85.50,   1.00E-010, 
 85.60,   2.12E-010, 
 85.70,   6.87E-010, 
 85.80,   1.60E-009, 
 85.90,   2.44E-009, 
 86.00,   3.04E-009, 
 86.10,   2.69E-009, 
 86.20,   1.68E-009, 
 86.30,   7.82E-010, 
 86.40,   3.48E-010, 
 86.50,   1.25E-010, 
 86.60,   7.71E-011, 
 86.70,   4.88E-011, 
 86.80,   1.67E-011, 
 86.90,   1.48E-011, 
 87.00,   2.25E-011, 
 87.10,   1.80E-011, 
 87.20,  -1.93E-011, 
 87.30,  -3.41E-011, 
 87.40,  -3.60E-011, 
 87.50,  -4.37E-011, 
 87.60,  -3.28E-011, 
 87.70,  -2.31E-011, 
 87.80,   1.93E-011, 
 87.90,   4.63E-011, 
 88.00,   1.93E-011, 
 88.10,   5.33E-011, 
 88.20,   6.11E-011, 
 88.30,   3.60E-011, 
 88.40,  -7.07E-012, 
 88.50,  -2.44E-011, 
 88.60,  -3.21E-011, 
 88.70,  -1.99E-011, 
 88.80,  -3.60E-011, 
 88.90,  -5.08E-011, 
 89.00,  -1.54E-011, 
 89.10,  -1.99E-011, 
 89.20,  -2.38E-011, 
 89.30,  -6.43E-013, 
 89.40,  -1.16E-011, 
 89.50,  -1.86E-011, 
 89.60,  -6.04E-011, 
 89.70,  -6.36E-011, 
 89.80,  -4.56E-011, 
 89.90,  -6.75E-011, 
 90.00,  -2.96E-011, 
