Apr 15, 2025  12:27:13 PM
Residual Gas Analyzer Software 
Software Version, 3.214.004

Analog Scan Setup:

Data Points in Scan, 701 
Units, Torr 
Noise Floor, 0 
CEM Status, OFF 
Points Per AMU, 10
Scan Start Mass, 20, amu 
Scan Stop Mass, 90, amu
Focus Voltage, 90, Volts 
Ion Energy, HIGH 
Electron Energy, 70, eV 
CEM Voltage, 1000, Volts
CEM Gain, 1.00E+006 
Sensitivity Factor, 1.56E-004 
Filament Current, 1.00, mAmps


 20.00,   4.94E-009, 
 20.10,   5.03E-009, 
 20.20,   4.22E-009, 
 20.30,   2.08E-009, 
 20.40,   1.23E-009, 
 20.50,   9.34E-010, 
 20.60,   8.68E-010, 
 20.70,   7.83E-010, 
 20.80,   4.88E-010, 
 20.90,   2.93E-010, 
 21.00,   2.15E-010, 
 21.10,   9.83E-011, 
 21.20,   7.46E-011, 
 21.30,  -4.50E-012, 
 21.40,  -3.08E-011, 
 21.50,  -4.95E-011, 
 21.60,  -1.29E-012, 
 21.70,   4.11E-011, 
 21.80,   1.50E-010, 
 21.90,   2.17E-010, 
 22.00,   5.31E-010, 
 22.10,   5.76E-010, 
 22.20,   5.93E-010, 
 22.30,   4.12E-010, 
 22.40,   1.91E-010, 
 22.50,   1.29E-010, 
 22.60,   8.10E-011, 
 22.70,   6.56E-011, 
 22.80,   2.76E-011, 
 22.90,  -1.54E-011, 
 23.00,  -9.00E-012, 
 23.10,  -1.74E-011, 
 23.20,   1.29E-011, 
 23.30,   2.57E-011, 
 23.40,   5.14E-011, 
 23.50,   1.63E-010, 
 23.60,   9.27E-010, 
 23.70,   4.13E-009, 
 23.80,   8.05E-009, 
 23.90,   9.81E-009, 
 24.00,   1.05E-008, 
 24.10,   1.06E-008, 
 24.20,   9.79E-009, 
 24.30,   4.34E-009, 
 24.40,   1.95E-009, 
 24.50,   1.88E-009, 
 24.60,   6.04E-009, 
 24.70,   2.70E-008, 
 24.80,   3.92E-008, 
 24.90,   4.33E-008, 
 25.00,   4.57E-008, 
 25.10,   4.62E-008, 
 25.20,   4.31E-008, 
 25.30,   1.75E-008, 
 25.40,   1.66E-008, 
 25.50,   3.69E-008, 
 25.60,   1.63E-007, 
 25.70,   4.39E-007, 
 25.80,   5.91E-007, 
 25.90,   6.57E-007, 
 26.00,   6.97E-007, 
 26.10,   6.85E-007, 
 26.20,   6.17E-007, 
 26.30,   1.52E-007, 
 26.40,   1.02E-007, 
 26.50,   2.40E-007, 
 26.60,   8.68E-007, 
 26.70,   2.99E-006, 
 26.80,   4.35E-006, 
 26.90,   4.98E-006, 
 27.00,   5.23E-006, 
 27.10,   5.09E-006, 
 27.20,   4.55E-006, 
 27.30,   8.65E-007, 
 27.40,   9.28E-008, 
 27.50,   1.98E-007, 
 27.60,   8.42E-007, 
 27.70,   2.64E-006, 
 27.80,   3.71E-006, 
 27.90,   4.20E-006, 
 28.00,   4.37E-006, 
 28.10,   4.26E-006, 
 28.20,   3.64E-006, 
 28.30,   5.82E-007, 
 28.40,   5.57E-008, 
 28.50,   1.10E-007, 
 28.60,   3.93E-007, 
 28.70,   1.46E-006, 
 28.80,   2.27E-006, 
 28.90,   2.69E-006, 
 29.00,   2.88E-006, 
 29.10,   2.79E-006, 
 29.20,   2.53E-006, 
 29.30,   5.50E-007, 
 29.40,   1.70E-008, 
 29.50,   6.04E-009, 
 29.60,   8.55E-009, 
 29.70,   3.53E-008, 
 29.80,   5.79E-008, 
 29.90,   7.04E-008, 
 30.00,   7.57E-008, 
 30.10,   7.40E-008, 
 30.20,   6.56E-008, 
 30.30,   2.11E-008, 
 30.40,   3.60E-009, 
 30.50,   1.86E-009, 
 30.60,   2.40E-009, 
 30.70,   8.03E-009, 
 30.80,   1.48E-008, 
 30.90,   1.80E-008, 
 31.00,   1.94E-008, 
 31.10,   1.96E-008, 
 31.20,   1.73E-008, 
 31.30,   6.97E-009, 
 31.40,   3.97E-009, 
 31.50,   5.76E-009, 
 31.60,   2.45E-008, 
 31.70,   6.45E-008, 
 31.80,   8.79E-008, 
 31.90,   9.86E-008, 
 32.00,   1.02E-007, 
 32.10,   9.89E-008, 
 32.20,   6.45E-008, 
 32.30,   1.14E-008, 
 32.40,   3.75E-009, 
 32.50,   3.03E-009, 
 32.60,   3.32E-009, 
 32.70,   5.43E-009, 
 32.80,   6.96E-009, 
 32.90,   7.98E-009, 
 33.00,   8.88E-009, 
 33.10,   9.01E-009, 
 33.20,   8.42E-009, 
 33.30,   4.13E-009, 
 33.40,   1.78E-009, 
 33.50,   1.16E-009, 
 33.60,   9.87E-010, 
 33.70,   1.06E-009, 
 33.80,   9.60E-010, 
 33.90,   8.34E-010, 
 34.00,   7.89E-010, 
 34.10,   7.30E-010, 
 34.20,   6.00E-010, 
 34.30,   8.35E-011, 
 34.40,  -3.26E-010, 
 34.50,  -5.46E-010, 
 34.60,  -6.39E-010, 
 34.70,  -7.01E-010, 
 34.80,  -7.85E-010, 
 34.90,  -9.06E-010, 
 35.00,  -9.25E-010, 
 35.10,  -8.23E-010, 
 35.20,  -7.89E-010, 
 35.30,  -6.67E-010, 
 35.40,  -4.44E-010, 
 35.50,  -1.63E-010, 
 35.60,   3.55E-010, 
 35.70,   1.51E-009, 
 35.80,   2.86E-009, 
 35.90,   3.93E-009, 
 36.00,   4.80E-009, 
 36.10,   5.13E-009, 
 36.20,   4.54E-009, 
 36.30,   2.91E-009, 
 36.40,   2.70E-009, 
 36.50,   4.54E-009, 
 36.60,   1.91E-008, 
 36.70,   5.49E-008, 
 36.80,   7.77E-008, 
 36.90,   9.09E-008, 
 37.00,   9.79E-008, 
 37.10,   9.87E-008, 
 37.20,   7.05E-008, 
 37.30,   2.09E-008, 
 37.40,   1.58E-008, 
 37.50,   2.60E-008, 
 37.60,   7.45E-008, 
 37.70,   1.95E-007, 
 37.80,   2.63E-007, 
 37.90,   3.10E-007, 
 38.00,   3.48E-007, 
 38.10,   3.54E-007, 
 38.20,   2.75E-007, 
 38.30,   1.09E-007, 
 38.40,   1.40E-007, 
 38.50,   2.80E-007, 
 38.60,   8.99E-007, 
 38.70,   2.70E-006, 
 38.80,   3.91E-006, 
 38.90,   4.66E-006, 
 39.00,   5.26E-006, 
 39.10,   5.23E-006, 
 39.20,   3.66E-006, 
 39.30,   5.18E-007, 
 39.40,   7.09E-008, 
 39.50,   9.95E-008, 
 39.60,   2.45E-007, 
 39.70,   6.74E-007, 
 39.80,   9.57E-007, 
 39.90,   1.17E-006, 
 40.00,   1.35E-006, 
 40.10,   1.39E-006, 
 40.20,   1.09E-006, 
 40.30,   3.41E-007, 
 40.40,   3.29E-007, 
 40.50,   6.43E-007, 
 40.60,   1.74E-006, 
 40.70,   6.09E-006, 
 40.80,   9.89E-006, 
 40.90,   1.22E-005, 
 41.00,   1.41E-005, 
 41.10,   1.45E-005, 
 41.20,   1.17E-005, 
 41.30,   2.10E-006, 
 41.40,   1.74E-007, 
 41.50,   2.73E-007, 
 41.60,   7.62E-007, 
 41.70,   3.13E-006, 
 41.80,   5.04E-006, 
 41.90,   6.23E-006, 
 42.00,   7.26E-006, 
 42.10,   7.46E-006, 
 42.20,   5.73E-006, 
 42.30,   1.04E-006, 
 42.40,   7.81E-008, 
 42.50,   1.21E-007, 
 42.60,   3.38E-007, 
 42.70,   1.39E-006, 
 42.80,   2.22E-006, 
 42.90,   2.87E-006, 
 43.00,   3.37E-006, 
 43.10,   3.47E-006, 
 43.20,   2.76E-006, 
 43.30,   5.91E-007, 
 43.40,   2.12E-008, 
 43.50,   9.00E-009, 
 43.60,   2.08E-008, 
 43.70,   7.28E-008, 
 43.80,   1.18E-007, 
 43.90,   1.47E-007, 
 44.00,   1.71E-007, 
 44.10,   1.73E-007, 
 44.20,   1.12E-007, 
 44.30,   2.72E-008, 
 44.40,   4.22E-009, 
 44.50,   1.68E-009, 
 44.60,   1.15E-009, 
 44.70,   1.81E-009, 
 44.80,   3.25E-009, 
 44.90,   4.81E-009, 
 45.00,   5.98E-009, 
 45.10,   6.49E-009, 
 45.20,   5.41E-009, 
 45.30,   2.66E-009, 
 45.40,   1.15E-009, 
 45.50,   6.11E-010, 
 45.60,   4.15E-010, 
 45.70,   4.27E-010, 
 45.80,   6.68E-010, 
 45.90,   9.20E-010, 
 46.00,   1.09E-009, 
 46.10,   1.27E-009, 
 46.20,   1.23E-009, 
 46.30,   7.96E-010, 
 46.40,   4.71E-010, 
 46.50,   3.39E-010, 
 46.60,   2.45E-010, 
 46.70,   3.64E-010, 
 46.80,   4.52E-010, 
 46.90,   5.96E-010, 
 47.00,   7.38E-010, 
 47.10,   7.44E-010, 
 47.20,   5.94E-010, 
 47.30,   4.13E-010, 
 47.40,   2.37E-010, 
 47.50,   1.77E-010, 
 47.60,   2.37E-010, 
 47.70,   4.65E-010, 
 47.80,   7.10E-010, 
 47.90,   9.51E-010, 
 48.00,   1.22E-009, 
 48.10,   1.38E-009, 
 48.20,   1.19E-009, 
 48.30,   8.10E-010, 
 48.40,   6.83E-010, 
 48.50,   8.44E-010, 
 48.60,   1.73E-009, 
 48.70,   6.29E-009, 
 48.80,   1.23E-008, 
 48.90,   1.68E-008, 
 49.00,   1.97E-008, 
 49.10,   2.06E-008, 
 49.20,   1.48E-008, 
 49.30,   7.16E-009, 
 49.40,   6.27E-009, 
 49.50,   1.08E-008, 
 49.60,   3.36E-008, 
 49.70,   1.14E-007, 
 49.80,   1.66E-007, 
 49.90,   2.06E-007, 
 50.00,   2.28E-007, 
 50.10,   2.32E-007, 
 50.20,   1.33E-007, 
 50.30,   2.79E-008, 
 50.40,   1.27E-008, 
 50.50,   2.12E-008, 
 50.60,   6.01E-008, 
 50.70,   2.06E-007, 
 50.80,   3.04E-007, 
 50.90,   3.80E-007, 
 51.00,   4.31E-007, 
 51.10,   4.45E-007, 
 51.20,   2.66E-007, 
 51.30,   5.01E-008, 
 51.40,   8.80E-009, 
 51.50,   8.99E-009, 
 51.60,   2.23E-008, 
 51.70,   8.30E-008, 
 51.80,   1.31E-007, 
 51.90,   1.68E-007, 
 52.00,   1.93E-007, 
 52.10,   2.02E-007, 
 52.20,   1.33E-007, 
 52.30,   3.83E-008, 
 52.40,   2.10E-008, 
 52.50,   3.40E-008, 
 52.60,   8.79E-008, 
 52.70,   3.08E-007, 
 52.80,   4.71E-007, 
 52.90,   6.19E-007, 
 53.00,   7.25E-007, 
 53.10,   7.74E-007, 
 53.20,   5.06E-007, 
 53.30,   1.20E-007, 
 53.40,   3.35E-008, 
 53.50,   4.97E-008, 
 53.60,   1.21E-007, 
 53.70,   4.31E-007, 
 53.80,   7.01E-007, 
 53.90,   9.36E-007, 
 54.00,   1.12E-006, 
 54.10,   1.21E-006, 
 54.20,   9.53E-007, 
 54.30,   3.19E-007, 
 54.40,   1.51E-007, 
 54.50,   2.38E-007, 
 54.60,   4.79E-007, 
 54.70,   1.79E-006, 
 54.80,   3.42E-006, 
 54.90,   4.59E-006, 
 55.00,   5.77E-006, 
 55.10,   6.21E-006, 
 55.20,   5.22E-006, 
 55.30,   1.64E-006, 
 55.40,   3.83E-007, 
 55.50,   5.56E-007, 
 55.60,   1.08E-006, 
 55.70,   3.36E-006, 
 55.80,   8.51E-006, 
 55.90,   1.16E-005, 
 56.00,   1.55E-005, 
 56.10,   1.64E-005, 
 56.20,   1.40E-005, 
 56.30,   4.26E-006, 
 56.40,   1.42E-007, 
 56.50,   3.24E-008, 
 56.60,   5.00E-008, 
 56.70,   2.05E-007, 
 56.80,   4.08E-007, 
 56.90,   5.82E-007, 
 57.00,   7.31E-007, 
 57.10,   7.93E-007, 
 57.20,   5.61E-007, 
 57.30,   1.60E-007, 
 57.40,   1.16E-008, 
 57.50,   2.98E-009, 
 57.60,   1.93E-009, 
 57.70,   3.16E-009, 
 57.80,   8.24E-009, 
 57.90,   1.35E-008, 
 58.00,   1.78E-008, 
 58.10,   1.96E-008, 
 58.20,   1.50E-008, 
 58.30,   6.58E-009, 
 58.40,   2.18E-009, 
 58.50,   9.88E-010, 
 58.60,   5.75E-010, 
 58.70,   4.08E-010, 
 58.80,   4.27E-010, 
 58.90,   5.49E-010, 
 59.00,   6.55E-010, 
 59.10,   7.84E-010, 
 59.20,   7.70E-010, 
 59.30,   5.48E-010, 
 59.40,   2.88E-010, 
 59.50,   1.59E-010, 
 59.60,   1.45E-010, 
 59.70,   2.03E-010, 
 59.80,   3.80E-010, 
 59.90,   4.54E-010, 
 60.00,   5.49E-010, 
 60.10,   6.21E-010, 
 60.20,   5.24E-010, 
 60.30,   3.62E-010, 
 60.40,   1.77E-010, 
 60.50,   2.83E-010, 
 60.60,   5.08E-010, 
 60.70,   1.35E-009, 
 60.80,   2.67E-009, 
 60.90,   4.26E-009, 
 61.00,   5.40E-009, 
 61.10,   5.69E-009, 
 61.20,   3.90E-009, 
 61.30,   1.98E-009, 
 61.40,   1.12E-009, 
 61.50,   1.01E-009, 
 61.60,   1.47E-009, 
 61.70,   4.16E-009, 
 61.80,   8.81E-009, 
 61.90,   1.36E-008, 
 62.00,   1.62E-008, 
 62.10,   1.62E-008, 
 62.20,   9.55E-009, 
 62.30,   3.93E-009, 
 62.40,   2.10E-009, 
 62.50,   1.94E-009, 
 62.60,   3.20E-009, 
 62.70,   1.19E-008, 
 62.80,   2.36E-008, 
 62.90,   3.34E-008, 
 63.00,   3.74E-008, 
 63.10,   3.70E-008, 
 63.20,   2.02E-008, 
 63.30,   6.22E-009, 
 63.40,   2.04E-009, 
 63.50,   1.20E-009, 
 63.60,   1.05E-009, 
 63.70,   1.70E-009, 
 63.80,   3.14E-009, 
 63.90,   4.95E-009, 
 64.00,   6.48E-009, 
 64.10,   7.12E-009, 
 64.20,   5.49E-009, 
 64.30,   3.51E-009, 
 64.40,   2.86E-009, 
 64.50,   3.79E-009, 
 64.60,   7.72E-009, 
 64.70,   2.91E-008, 
 64.80,   5.33E-008, 
 64.90,   7.91E-008, 
 65.00,   9.07E-008, 
 65.10,   9.09E-008, 
 65.20,   4.74E-008, 
 65.30,   1.30E-008, 
 65.40,   3.71E-009, 
 65.50,   2.75E-009, 
 65.60,   3.45E-009, 
 65.70,   9.27E-009, 
 65.80,   2.15E-008, 
 65.90,   3.22E-008, 
 66.00,   3.87E-008, 
 66.10,   4.15E-008, 
 66.20,   2.90E-008, 
 66.30,   1.46E-008, 
 66.40,   1.02E-008, 
 66.50,   1.51E-008, 
 66.60,   3.06E-008, 
 66.70,   1.14E-007, 
 66.80,   2.25E-007, 
 66.90,   3.21E-007, 
 67.00,   3.76E-007, 
 67.10,   3.96E-007, 
 67.20,   2.42E-007, 
 67.30,   6.48E-008, 
 67.40,   1.32E-008, 
 67.50,   1.48E-008, 
 67.60,   2.67E-008, 
 67.70,   8.01E-008, 
 67.80,   1.69E-007, 
 67.90,   2.45E-007, 
 68.00,   3.00E-007, 
 68.10,   3.23E-007, 
 68.20,   2.33E-007, 
 68.30,   1.14E-007, 
 68.40,   7.59E-008, 
 68.50,   1.18E-007, 
 68.60,   2.21E-007, 
 68.70,   6.81E-007, 
 68.80,   1.79E-006, 
 68.90,   2.57E-006, 
 69.00,   3.40E-006, 
 69.10,   3.74E-006, 
 69.20,   2.46E-006, 
 69.30,   7.17E-007, 
 69.40,   3.40E-008, 
 69.50,   8.90E-009, 
 69.60,   1.05E-008, 
 69.70,   3.27E-008, 
 69.80,   9.34E-008, 
 69.90,   1.43E-007, 
 70.00,   1.87E-007, 
 70.10,   2.02E-007, 
 70.20,   1.30E-007, 
 70.30,   4.48E-008, 
 70.40,   6.33E-009, 
 70.50,   2.06E-009, 
 70.60,   1.08E-009, 
 70.70,   8.87E-010, 
 70.80,   1.35E-009, 
 70.90,   2.25E-009, 
 71.00,   3.42E-009, 
 71.10,   4.11E-009, 
 71.20,   3.81E-009, 
 71.30,   2.44E-009, 
 71.40,   1.19E-009, 
 71.50,   6.02E-010, 
 71.60,   3.40E-010, 
 71.70,   1.88E-010, 
 71.80,   1.78E-010, 
 71.90,   2.06E-010, 
 72.00,   3.28E-010, 
 72.10,   3.55E-010, 
 72.20,   3.19E-010, 
 72.30,   2.63E-010, 
 72.40,   2.29E-010, 
 72.50,   2.59E-010, 
 72.60,   3.95E-010, 
 72.70,   6.61E-010, 
 72.80,   1.27E-009, 
 72.90,   2.12E-009, 
 73.00,   2.87E-009, 
 73.10,   3.18E-009, 
 73.20,   2.51E-009, 
 73.30,   1.49E-009, 
 73.40,   9.19E-010, 
 73.50,   8.01E-010, 
 73.60,   1.03E-009, 
 73.70,   2.51E-009, 
 73.80,   5.83E-009, 
 73.90,   1.01E-008, 
 74.00,   1.30E-008, 
 74.10,   1.27E-008, 
 74.20,   7.55E-009, 
 74.30,   3.14E-009, 
 74.40,   1.38E-009, 
 74.50,   8.39E-010, 
 74.60,   6.38E-010, 
 74.70,   9.38E-010, 
 74.80,   1.86E-009, 
 74.90,   3.16E-009, 
 75.00,   4.34E-009, 
 75.10,   4.80E-009, 
 75.20,   3.45E-009, 
 75.30,   1.91E-009, 
 75.40,   1.03E-009, 
 75.50,   7.32E-010, 
 75.60,   6.98E-010, 
 75.70,   9.55E-010, 
 75.80,   1.58E-009, 
 75.90,   2.50E-009, 
 76.00,   3.39E-009, 
 76.10,   3.87E-009, 
 76.20,   3.32E-009, 
 76.30,   2.51E-009, 
 76.40,   2.24E-009, 
 76.50,   2.83E-009, 
 76.60,   4.84E-009, 
 76.70,   1.62E-008, 
 76.80,   3.99E-008, 
 76.90,   6.25E-008, 
 77.00,   7.91E-008, 
 77.10,   7.98E-008, 
 77.20,   4.48E-008, 
 77.30,   1.48E-008, 
 77.40,   3.73E-009, 
 77.50,   2.05E-009, 
 77.60,   1.90E-009, 
 77.70,   3.25E-009, 
 77.80,   8.52E-009, 
 77.90,   1.53E-008, 
 78.00,   2.08E-008, 
 78.10,   2.20E-008, 
 78.20,   1.46E-008, 
 78.30,   6.90E-009, 
 78.40,   3.07E-009, 
 78.50,   2.54E-009, 
 78.60,   3.41E-009, 
 78.70,   9.40E-009, 
 78.80,   2.80E-008, 
 78.90,   4.43E-008, 
 79.00,   5.80E-008, 
 79.10,   6.10E-008, 
 79.20,   3.80E-008, 
 79.30,   1.44E-008, 
 79.40,   3.80E-009, 
 79.50,   1.83E-009, 
 79.60,   1.32E-009, 
 79.70,   1.54E-009, 
 79.80,   2.98E-009, 
 79.90,   5.35E-009, 
 80.00,   8.11E-009, 
 80.10,   9.49E-009, 
 80.20,   7.41E-009, 
 80.30,   4.23E-009, 
 80.40,   2.25E-009, 
 80.50,   1.68E-009, 
 80.60,   1.92E-009, 
 80.70,   3.67E-009, 
 80.80,   1.31E-008, 
 80.90,   2.38E-008, 
 81.00,   3.35E-008, 
 81.10,   3.80E-008, 
 81.20,   2.72E-008, 
 81.30,   1.33E-008, 
 81.40,   4.58E-009, 
 81.50,   2.92E-009, 
 81.60,   3.26E-009, 
 81.70,   4.91E-009, 
 81.80,   1.10E-008, 
 81.90,   1.86E-008, 
 82.00,   2.64E-008, 
 82.10,   3.18E-008, 
 82.20,   2.84E-008, 
 82.30,   2.35E-008, 
 82.40,   2.25E-008, 
 82.50,   3.15E-008, 
 82.60,   4.76E-008, 
 82.70,   8.06E-008, 
 82.80,   1.92E-007, 
 82.90,   2.87E-007, 
 83.00,   3.88E-007, 
 83.10,   4.61E-007, 
 83.20,   3.68E-007, 
 83.30,   2.27E-007, 
 83.40,   1.29E-007, 
 83.50,   1.60E-007, 
 83.60,   2.43E-007, 
 83.70,   4.41E-007, 
 83.80,   1.36E-006, 
 83.90,   2.85E-006, 
 84.00,   3.92E-006, 
 84.10,   5.31E-006, 
 84.20,   4.11E-006, 
 84.30,   1.82E-006, 
 84.40,   1.55E-007, 
 84.50,   1.65E-008, 
 84.60,   1.51E-008, 
 84.70,   2.99E-008, 
 84.80,   1.14E-007, 
 84.90,   2.05E-007, 
 85.00,   2.97E-007, 
 85.10,   3.61E-007, 
 85.20,   2.57E-007, 
 85.30,   1.19E-007, 
 85.40,   1.60E-008, 
 85.50,   3.07E-009, 
 85.60,   1.49E-009, 
 85.70,   1.17E-009, 
 85.80,   1.84E-009, 
 85.90,   3.90E-009, 
 86.00,   6.66E-009, 
 86.10,   9.44E-009, 
 86.20,   8.26E-009, 
 86.30,   5.16E-009, 
 86.40,   2.18E-009, 
 86.50,   9.85E-010, 
 86.60,   5.74E-010, 
 86.70,   3.87E-010, 
 86.80,   3.48E-010, 
 86.90,   3.71E-010, 
 87.00,   4.43E-010, 
 87.10,   4.39E-010, 
 87.20,   3.98E-010, 
 87.30,   3.39E-010, 
 87.40,   2.01E-010, 
 87.50,   1.93E-010, 
 87.60,   1.93E-010, 
 87.70,   3.13E-010, 
 87.80,   4.96E-010, 
 87.90,   8.23E-010, 
 88.00,   1.23E-009, 
 88.10,   1.61E-009, 
 88.20,   1.43E-009, 
 88.30,   9.60E-010, 
 88.40,   5.57E-010, 
 88.50,   3.50E-010, 
 88.60,   1.76E-010, 
 88.70,   1.57E-010, 
 88.80,   1.71E-010, 
 88.90,   1.49E-010, 
 89.00,   1.98E-010, 
 89.10,   2.53E-010, 
 89.20,   2.28E-010, 
 89.30,   1.54E-010, 
 89.40,   1.30E-010, 
 89.50,   1.04E-010, 
 89.60,   1.12E-010, 
 89.70,   1.39E-010, 
 89.80,   1.57E-010, 
 89.90,   1.11E-010, 
 90.00,   1.35E-010, 
